category	Old vs Young (SPF)	Old vs Young (GF)
03010	2.73137121269451e-15	NA
05150	0.00264162110851265	0.000256104837598967
05140	0.00264162110851265	0.00986609568013728
04514	0.00358867492798774	NA
05330	0.00451386197119295	0.00986609568013728
05323	0.00451386197119295	0.00986609568013728
04940	0.00451386197119295	NA
04145	0.00811796589518543	0.00986609568013728
04612	0.00811796589518543	0.0250126044389717
05332	0.0109381524349841	0.00986609568013728
04672	0.0178922820001777	0.00986609568013728
03030	0.0206982372533654	0.0424363368030494
00600	0.0206982372533654	NA
05310	0.0231881106275834	0.00986609568013728
05320	0.0256143857149805	0.0319863895362051
05416	0.0433849950462204	0.0384149356025179
