genes	Old vs Young (SPF)	Old vs Young (GF)
1	0610009O20Rik	-0.844673720155286	NA
2	0610039K10Rik	-1.56957824161361	-2.18306534905999
3	1110019D14Rik	-1.30240639560544	NA
4	1190002N15Rik	0.684796977943115	NA
5	1600002K03Rik	-1.07046201073632	NA
6	1600010M07Rik	-1.17438791080555	NA
7	1600014C10Rik	0.715357500546904	0.601093205716462
8	1600020E01Rik	-1.36301967637768	-1.42995759235788
9	1700025G04Rik	-0.976603820298421	NA
10	1700113A16Rik	-0.66030280778334	NA
11	1810011H11Rik	-0.754512335824561	NA
12	1810026B05Rik	-1.77579616386122	-1.93787210635693
13	1810032O08Rik	-3.32233704121511	-3.68652671523705
14	2010107G23Rik	2.75894740177604	6.80864529124801
15	Emsy	-0.72743243939741	NA
16	2410002F23Rik	-0.772001511116592	NA
17	2510009E07Rik	1.12597196444336	0.821656210764965
18	2610005L07Rik	-0.68404086758516	-1.06973915404557
19	2610042L04Rik	-2.19851031421545	-1.65161963787095
20	2610524H06Rik	1.82070704931353	NA
21	2900076A07Rik	-1.47618319315599	-2.28950165397762
22	3110056K07Rik	-0.680573307408389	-1.20755732140054
23	3830403N18Rik	1.54256695144323	NA
24	4732471J01Rik	-1.84373046512817	-1.41101674517299
25	4833417C18Rik	-1.25108387347148	-1.63966835998979
26	4933406I18Rik	-1.40826556177256	-2.14827310541485
27	4933406J10Rik	2.45171326920506	NA
28	5830417I10Rik	-0.935779206594228	NA
29	5830444B04Rik	-1.11729673346703	NA
30	5830454E08Rik	-2.23734026914809	NA
31	5930430L01Rik	2.00328564063482	NA
32	6330418K02Rik	-1.07023117548861	-1.18164793857717
33	9330175E14Rik	3.19218797521313	NA
34	9430015G10Rik	-1.17797377045261	NA
35	9430083A17Rik	1.42706327832556	NA
36	9930021J03Rik	-0.591583987798449	-1.1002955711025
37	9930104L06Rik	-1.45915488854489	NA
38	9930111J21Rik1	-2.02167376267337	NA
39	A230056P14Rik	-1.48515379897358	-1.25035177829082
40	A530032D15Rik	5.10762419910759	NA
41	A530072M11Rik	-1.80357972899093	NA
42	A630001G21Rik	-0.802383760011886	-0.839690903585716
43	A630089N07Rik	-1.63502181861866	NA
44	A930005H10Rik	0.96015339891701	NA
45	AF529169	5.83081502512969	NA
46	AI429214	-1.24622069543292	NA
47	Ifi207	2.10287685723031	2.46352065132068
48	AW112010	1.61195282918141	NA
49	Aagab	-0.596837063996205	NA
50	Abca2	0.95240813817233	NA
51	Abca5	4.95392946011469	NA
52	Abca7	0.847323103203739	1.07470211567997
53	Abcb10	0.629423341333341	NA
54	Abcb1b	0.688471040383757	NA
55	Abcc1	1.07988967257459	NA
56	Abcc9	5.97316772319248	6.82291047544565
57	Abhd13	0.936714035844176	NA
58	Acer3	0.729160916300979	NA
59	Ache	0.937817447523702	1.18201572718072
60	Acin1	-0.876689909185353	-0.924310707252014
61	Acot9	0.587623941858496	0.671384541718233
62	Acrbp	-1.96983705591249	-2.2475254077742
63	Actr3b	3.16470032677459	NA
64	Adam22	1.32512861205394	NA
65	Adap1	0.626480044067569	NA
66	Adap2	-0.949324877825731	-0.847539481992198
67	Adcy8	1.63096828651462	1.251884524701
68	Adssl1	0.776831999736355	NA
69	Afap1	1.13526063606573	NA
70	Agap1	-1.26869437355791	-1.51667437380277
71	Agpat4	1.02651243677762	0.782636058915199
72	Ahsa1	-0.728359591137745	NA
73	Ahsa2	-1.32170643340091	NA
74	Akap1	1.79945087059244	1.01347782676285
75	Akap13	-0.610718993171784	NA
76	Akap8	-0.594802208193113	NA
77	Akap8l	-1.15821371375333	NA
78	Akna	-0.603666979636713	NA
79	Aldh18a1	0.693247981253742	NA
80	Aldh1l1	3.48474276113538	3.420654118395
81	Aldh6a1	0.663083165190197	NA
82	Aldoc	1.46207273025276	NA
83	Alg11	0.881173043862082	NA
84	Alg5	0.736914114123989	NA
85	Anapc16	-0.711652921496421	NA
86	Angptl7	0.711696466252047	1.27790358965883
87	Ank	0.731183004168359	NA
88	Ankrd11	-1.55088403104663	-1.1504898586805
89	Ankrd12	-0.833826023596165	-1.32818479464536
90	Ankrd16	-1.21667447200694	-1.78158668221329
91	Ankrd33b	5.25370909541938	NA
92	Ankrd52	-1.24840299562923	-1.67279194366985
93	Ankrd54	-0.614002625813196	NA
94	Anks3	-1.68708697585577	-1.14898540122761
95	Ankzf1	-0.813327470853533	NA
96	Ano7	-0.974854543100517	NA
97	Anxa1	9.51011261126557	5.13954424598047
98	Anxa2	2.10838507522813	NA
99	Anxa5	1.32596885591297	1.32638791950551
100	Ap3d1	-0.601316626150035	NA
101	Ap5z1	-0.913494678587758	NA
102	Apbb1	1.30185850151185	1.51186937300305
103	Apbb2	0.69265405683769	NA
104	Apbb3	-1.49666430258047	NA
105	Apc	-1.30346148461905	-1.12478708754056
106	Apmap	0.668262226711727	NA
107	Apobec1	-0.855837552263187	NA
108	Arap3	-0.81724131704692	NA
109	Arhgap15	2.86527634491976	1.47209074430223
110	Arhgap39	-0.757568036915219	NA
111	Arhgap4	-0.888479879259848	NA
112	Arhgap6	5.51920628975704	NA
113	Arhgef10l	-0.669893084549292	NA
114	Arid1a	-0.73947033875861	-0.669858813354004
115	Arid3b	-0.59186159512997	NA
116	Arl10	-0.612131436495885	NA
117	Arl2bp	0.878599419123976	NA
118	Arl5a	0.848813599203732	NA
119	Arl5c	0.762492712180549	NA
120	Arl6	0.716343387853811	NA
121	Arrb2	-0.635661105984389	NA
122	Arrdc1	-0.632191291198369	NA
123	Arsg	0.933986767611071	1.06451401988425
124	Asf1b	1.06971232345396	NA
125	Atf4	-1.08846682629531	-0.730077776905258
126	Pgghg	1.15168511168597	NA
127	Atp10b	2.3556967221023	1.99559998446353
128	Atp1a3	1.92056027635574	1.98094613965356
129	Atp1b2	5.33439807750633	NA
130	Atp2a3	2.0108647998253	NA
131	Atp7b	5.45164270116392	NA
132	Atrx	-0.787733736247834	-1.49322210143924
133	Avpi1	1.70256576374489	NA
134	Axl	3.47672520806501	2.40939231770069
135	B3galt6	0.618973341665326	NA
136	B3gnt7	1.31665536345683	1.02862668122301
137	B3gntl1	-0.971855660791393	-1.43079983705658
138	B430306N03Rik	1.30934280116931	0.937176381413959
139	B4galnt1	0.588503978253955	NA
140	Bmt2	0.694949839685026	NA
141	BC005537	-0.683180825447945	-0.765469150504699
142	BC026585	0.686861712655396	NA
143	BC029214	-1.00286646017197	NA
144	BC037034	-1.27791446341584	NA
145	Bach1	-0.665746435436609	-1.18829868981071
146	Batf3	-0.743297079624202	NA
147	Baz2b	-0.867028362218747	-1.24652078720804
148	Bcap29	0.825431684282378	NA
149	Bcl2a1a	0.931438325781398	NA
150	Bclaf1	-0.615011161596467	-0.846325087839996
151	Bco2	-0.783193131989233	NA
152	Bhlhe40	3.21350304542652	2.32337735864617
153	Birc5	2.26309569175081	2.64239693894944
154	Bmi1	0.905040954291679	0.619964866342172
155	Bmp1	-1.51653295292991	-1.46807552794486
156	Bms1	-0.60826667824657	NA
157	Bnip3	0.696801330211336	NA
158	Bnip3l	0.619646204694872	NA
159	Bod1l	-1.03884992496608	-1.46321476147501
160	Bptf	-1.02526175360761	-1.33625334905113
161	Brd2	-0.764364442295298	NA
162	Brd3	-0.675351021072294	NA
163	Brd7	-0.592398600600884	NA
164	Brpf1	-0.803636735378891	NA
165	Bsdc1	-0.673008017546462	NA
166	Btbd11	4.08971459182246	5.20408426524886
167	C130026I21Rik	2.6147468845857	NA
168	C1galt1	0.923638320915751	NA
169	C3	3.30065326933913	3.76052049170631
170	C3ar1	0.770021651895759	NA
171	C4b	2.38119645357707	3.33739684213895
172	Cacfd1	-0.586132212370251	NA
173	Cadm1	0.861571664640534	NA
174	Cahm	-0.884940487331841	-1.23495074198448
175	Camk2g	-0.823834839216634	-1.03754236026394
176	Camp	13.2527001815076	NA
177	Camta2	-0.825541834678129	NA
178	Capg	1.64891809546433	1.17679754465915
179	Casc4	1.15649157722199	NA
180	Cav2	1.26689630542946	NA
181	Cbx7	-0.636775094151196	NA
182	Ccar1	-0.768856020162583	NA
183	Ccdc106	-1.03331343433656	NA
184	Ccdc109b	2.46572860523239	NA
185	Ccdc12	-0.619642459732521	NA
186	Ccdc120	5.95415326941016	NA
187	Ccdc122	1.06260712229372	NA
188	Ccdc130	-1.02977490592827	NA
189	Ccdc137	-0.670042422640865	NA
190	Ccdc142	-1.12053289042039	NA
191	Ccdc8	-3.51101766218978	NA
192	Ccdc84	-1.46448331782455	-1.35363502096883
193	Ccl12	1.34881590735272	NA
194	Ccl4	0.841823692676587	NA
195	Ccl5	2.04736087726867	NA
196	Ccl6	1.10118101413904	NA
197	Ccl8	3.26147235430441	5.65232030259708
198	Ccna2	1.96684976662329	NA
199	Ccnb1	2.4140612665365	5.96579161703507
200	Ccnb2	2.95566935940377	3.45158844281739
201	Ccnd1	-0.83927703320689	NA
202	Ccnd2	6.09248197957838	NA
203	Ccne2	2.55376861386994	NA
204	Ccni	0.694326909375962	NA
205	Ccnl1	-1.1157723287241	-1.32265876965635
206	Ccnl2	-0.685249898557878	-0.781360939334819
207	Ccr1	-1.02118563156648	-1.79521918295302
208	Ccrl2	0.774694061760786	NA
209	Cd101	0.835049498127064	NA
210	Cd177	10.8754328492812	NA
211	Cd200r4	2.41105130304841	NA
212	Cd22	2.02840953053245	1.70197397814946
213	Cd244	2.63505778508568	NA
214	Cd24a	7.97646904744115	NA
215	Cd274	1.30240588288495	0.987121932245532
216	Cd34	1.15466552735094	NA
217	Cd36	4.16852697836125	2.51727932133526
218	Cd40	4.39109683342693	3.23164234458546
219	Cd44	5.7620995756607	NA
220	Cd48	0.976530089761859	NA
221	Cd52	1.49702273644317	1.00982394795593
222	Cd63	1.0376678727952	NA
223	Cd69	5.59997895306114	NA
224	Cd72	1.53387184490849	1.67395609408707
225	Cd74	2.40541602129824	2.95729475391142
226	Cd9	0.998978080292691	0.604209022834479
227	Cd93	7.67614466101975	6.83781494287015
228	Cdadc1	-0.799813682818848	NA
229	Cdc42ep1	1.79158908109239	1.84864292015713
230	Cdc42ep3	1.61694638170969	1.019834195751
231	Cdc6	7.59908987988018	NA
232	Cdk16	-1.09380460969657	NA
233	Cdk20	-0.754969952762978	NA
234	Cdk8	-0.846282074179858	NA
235	Cep104	-0.842079338513269	NA
236	Cep295	-1.00879854417551	NA
237	Cep350	-0.814490623549716	-1.1695095326533
238	Cep95	-1.04705038859038	-2.36680462521096
239	Cers4	2.07279920047756	NA
240	Cfap74	-0.767238224674034	-0.817019379729357
241	Cfhr2	-3.18275084669982	-4.70621014840233
242	Cflar	-0.908043050504181	-0.834002094028487
243	Cggbp1	0.625160587764053	NA
244	Ch25h	5.86725712657863	5.28864991356669
245	Chad	1.17217613369155	NA
246	Chd7	-0.646409694783072	-0.946914634031959
247	Chd9	-0.773987680903142	-2.05759293322154
248	Chek1	4.4919211011388	6.58176029282091
249	Chic1	3.17077021153928	2.65182027350594
250	Chil1	1.96832328783715	-1.57746133886286
251	Chil3	13.2730100030137	NA
252	Chkb	-1.51305972015218	NA
253	Chst1	1.84770754942006	2.09249230819421
254	Chst15	0.647412056386394	0.722786551688091
255	Chst2	2.83185496073755	1.95808116705752
256	Chst8	1.09307265063778	1.8286545070881
257	Chtop	-0.635227508177563	NA
258	Cirbp	1.33958360426974	NA
259	Ciz1	-0.926593751698349	NA
260	Ckap2	3.39342662923591	NA
261	Clasrp	-1.33523397684985	NA
262	Clcf1	-0.922945401246513	NA
263	Clcn5	1.19644426538893	NA
264	Cldn12	1.7494554756158	NA
265	Clec11a	5.62976878859277	3.18734518629451
266	Clec12a	9.60381692929287	7.52768545588967
267	Clec1a	2.90447617581098	2.14083650515136
268	Clec1b	1.79079934204111	NA
269	Clec2d	-3.00494379201141	NA
270	Clec7a	2.10287358115671	1.04655382199505
271	Clgn	-0.898840645796523	NA
272	Clic4	0.775649124553308	NA
273	Clk1	-1.69131541813761	-1.48323023503064
274	Clk2	-0.835510963547989	NA
275	Clk3	-0.811462765625732	NA
276	Clk4	-1.39638712746549	-1.6120405081115
277	Cln5	0.732756669142067	0.589176644855303
278	Cmpk2	2.48805256065369	1.35061465190322
279	Cmtm6	0.710625043213986	0.680194922338331
280	Cnot6l	0.645723416337185	NA
281	Cntrl	-0.908707201626266	-1.9817332796224
282	Coa5	0.616189842806822	0.704494056209157
283	Col27a1	-1.37825296164004	-1.64567550026473
284	Col6a3	1.43556086656107	1.74555422044705
285	Cox4i1	0.679252944860794	NA
286	Cox6a2	2.76184305586365	1.71385162214451
287	Cox6b2	2.57778621519608	NA
288	Cp	2.03695644547889	1.58409532267256
289	Cpd	1.39625853836746	NA
290	Cpe	2.36586688332059	NA
291	Cpeb1	4.23559967851311	NA
292	Cpne2	2.32857804595397	NA
293	Cpne3	0.645661453766788	NA
294	Cpsf7	-0.703490310981313	-0.717811567747627
295	Cracr2b	-1.09345865670424	NA
296	Crcp	-0.837945443503323	NA
297	Crebbp	-0.60213969194647	-0.855847805312979
298	Crebrf	0.688534797562901	NA
299	Creld2	-0.723696324670859	NA
300	Crip1	1.07207339859754	NA
301	Crlf2	2.39187767551606	2.4933627275223
302	Crnde	-4.44402554225368	-5.76037907475797
303	Cspg4	5.35932583388296	5.90553570315229
304	Csrp1	1.79811840431015	NA
305	Cst7	1.99962996443278	NA
306	Ctse	4.18907741079065	NA
307	Ctso	0.634407939310319	NA
308	Cxcl10	2.66514040600424	NA
309	Cxcl13	7.33092002828347	9.13544277183931
310	Cxcl14	6.14075062096905	5.1067676799396
311	Cxcl16	0.672208431633361	0.712921947763098
312	Cxcr4	4.50704622606159	NA
313	Cyb561a3	0.690806451056106	NA
314	Cyb5b	0.681140238235018	NA
315	Cybb	4.4500130669707	2.10629070173211
316	Cyp20a1	0.925978748206441	NA
317	Cyp2j9	6.11419362510547	NA
318	Cyp4f16	0.958669927549006	0.678073115507464
319	Cyp4f18	4.8302954821951	2.90535869230164
320	Cyp4v3	0.674368230552701	NA
321	Cyp51	0.741327306131337	NA
322	D030028A08Rik	-0.870577345898138	-0.966581692166058
323	D17H6S56E-5	1.23478644919015	NA
324	D3Ertd254e	0.927074136292335	NA
325	D5Ertd579e	-0.783828167083667	NA
326	D5Ertd605e	1.35171609774596	NA
327	Daam1	1.13827243969463	NA
328	Dalrd3	-1.10816134661189	NA
329	Dand5	-1.33635907368507	-1.03408869277092
330	Dclre1c	-1.10592376370193	-0.733161071853896
331	Dcun1d4	0.729212834547471	NA
332	Ddit3	-1.28233806357411	NA
333	Ddx17	-1.10587537141003	-1.11705368150979
334	Ints6l	-0.595979471291537	-1.03307662011921
335	Ddx41	-0.709951188556302	NA
336	Ddx5	-0.627909724759046	NA
337	Ddx50	-0.686324462181339	NA
338	Ddx58	0.637930407417675	0.699434877526795
339	Ddx6	-0.6319039945442	-1.02126333988696
340	Degs1	0.605135879093102	NA
341	Degs2	-2.2811867531022	-2.89050156715743
342	Dennd3	2.02965194530983	NA
343	Dgat2	2.31503073380652	NA
344	Dhcr7	0.700369546485717	0.626467702495201
345	Dhdh	-1.18378130633625	NA
346	Disc1	-0.696090538537168	-1.08150317859107
347	Dleu2	-1.14292748587328	NA
348	Dlg5	6.61060607289884	6.9778881250948
349	Dlgap1	5.30236323295858	NA
350	Dmtf1	-0.62962995073796	NA
351	Dnajb12	-0.616354466466942	NA
352	Dnajb2	-0.832537033824841	NA
353	Dnajc10	0.614793904347481	NA
354	Dnase1l1	0.849198768828848	NA
355	Dnase1l2	-4.30932513930773	NA
356	Dnmt3a	-1.0575773575893	-1.14107215176902
357	Dok3	-0.599947535954445	NA
358	Dolk	0.693224867227826	NA
359	Dpep2	4.99365711378897	NA
360	Dph6	0.756079372692285	NA
361	Dpy19l1	0.656570460652321	NA
362	Dpy19l3	0.922328169001044	NA
363	Dpy19l4	0.727243451022195	NA
364	Dpysl2	0.657544287898849	NA
365	Dpysl5	3.79054968158988	NA
366	Dscc1	3.57704747172128	NA
367	Dst	-1.30693916003762	-1.60676195138941
368	Dtl	6.08778304330252	NA
369	Dusp1	-1.61769478432318	NA
370	Dusp9	4.9880694948642	NA
371	Dvl1	-1.48881908150565	NA
372	Dyrk4	-1.02807138204125	NA
373	E2f1	1.28086534826946	NA
374	E2f7	6.32464790050762	NA
375	E2f8	4.677088960794	NA
376	E330020D12Rik	-1.2307612796778	-2.69722738405212
377	E4f1	-1.48462734564792	NA
378	Ebpl	0.598363782130987	NA
379	Echdc1	0.628317658666829	NA
380	Edem1	0.78228047137405	NA
381	Eea1	-0.66877600089934	-1.19080197394458
382	Eef1a1	0.936811226367478	NA
383	Efna5	3.86133480109443	NA
384	Egln3	2.81890706917377	1.91971222016794
385	Ehd1	2.17732466542767	NA
386	Eif1a	0.601312752788619	NA
387	Eif2ak4	-0.956574869541634	NA
388	Eif4a2	-1.30143377290116	-1.18357232235589
389	Eif4ebp2	-1.06536743635862	-0.671339572727563
390	Eif5a2	1.65627826888673	NA
391	Elane	21.4455674712422	NA
392	Ell2	0.66133287571186	NA
393	Emc1	0.921264426430439	0.801608993533197
394	Eml2	4.19842644871836	NA
395	Emp2	2.23086159733979	4.5612850184122
396	Endod1	0.861132348713926	NA
397	Enpp1	0.923772263210413	NA
398	Entpd6	-0.599906269404958	NA
399	Epb41l3	0.710572314086753	NA
400	Ephx1	1.06902476575595	NA
401	Ept1	0.815276520265621	NA
402	Erbb2	5.22258554556198	NA
403	Erdr1	-3.07294025218833	NA
404	Eri1	0.604469055631658	NA
405	Ermp1	0.601323962775635	NA
406	Ero1l	0.99051853290432	NA
407	Esr1	0.899393680793736	NA
408	Esrrg	5.57643763039998	NA
409	Esyt1	0.685845957985952	0.784544315923552
410	Etl4	4.63929668887357	5.68531710432309
411	Etv4	5.1913239768952	NA
412	Exo1	4.56973570890108	NA
413	Exoc2	0.731491435521883	NA
414	F3	1.46639035230309	NA
415	Fam129a	0.940841247857842	NA
416	Fam129c	-4.30641073890992	NA
417	Fam134b	0.611125293403678	NA
418	Fam160b2	-0.885661498288894	NA
419	Fam172a	0.684970767939119	NA
420	Fam193a	-0.758063925708642	NA
421	Fam193b	-1.56417396516403	-1.33447396007441
422	Fam208b	-0.697069527516252	-1.28809427096402
423	Fam20c	1.99266774962232	1.86589308798018
424	Fam49a	0.936311623608776	0.732329736202086
425	Miga1	0.591188744086346	NA
426	Fam89a	0.939029061013972	0.930402783059721
427	Fancf	0.668717990979599	NA
428	Fastk	-0.701462799000227	NA
429	Fat1	2.68450168153067	NA
430	Fbrs	-0.834724842214372	NA
431	Fbxl12	-1.3391107591207	NA
432	Fbxl19	-1.0669204042833	NA
433	Fbxo30	0.597302390535221	NA
434	Fbxo9	-0.957281087832753	NA
435	Fcgr4	1.10460422467799	0.670077726947172
436	Fcnb	9.41350992111873	NA
437	Fem1b	0.801164082030905	NA
438	Fen1	0.710941221223709	0.674887494865326
439	Fes	-0.66966296725651	NA
440	Fgd2	-0.722966477078745	NA
441	Fgl2	3.13147908646761	1.68319794283483
442	Fgr	1.77157576575547	NA
443	Fhl3	-1.08378551436627	-1.23487815469006
444	Fhod1	-0.920705054821045	-0.970096039029453
445	Fignl1	2.25003309719999	NA
446	Filip1l	-1.0127412457506	NA
447	Firre	-1.59738771637653	-2.59708269778953
448	Fkbp4	-0.590346210863163	NA
449	Flna	0.693271335509628	NA
450	Flot2	0.677714412465557	0.956804550432307
451	Flt1	5.28356556494076	3.33508264280576
452	Fn1	3.5252694573218	5.33459407631339
453	Fn3krp	-1.08913185482225	-1.85877676936377
454	Fnbp4	-1.2014547646972	-2.02415393636391
455	Fnip2	0.994172972222562	NA
456	Fos	-4.21055519366593	-3.11491659280815
457	Fosl2	0.761010780860991	NA
458	Frmd7	1.12215308218039	NA
459	Fry	-0.84780142447219	-1.24215731970449
460	Fth1	0.840432427638965	NA
461	Ftx	-1.54089573054478	-1.33310666758241
462	Fuca2	0.613509860005106	NA
463	Fundc2	0.823658799952588	NA
464	Fut11	0.605992881768597	NA
465	Fut4	1.10798071888551	NA
466	Fxyd5	1.50874934613686	1.96207724034286
467	Fyco1	-1.18346256246718	-0.983928870359057
468	Fyn	-1.29783692489995	-1.03997825021768
469	Fzd8	2.36323658671471	1.61420080921759
470	G530011O06Rik	-1.08299174249022	NA
471	Gabbr1	-0.791323655213718	NA
472	Gadd45g	-2.74714478932817	NA
473	Galc	0.801057791226115	NA
474	Galnt1	0.812845111000979	NA
475	Galnt6	1.29533578304293	NA
476	Galt	-0.651617188398774	NA
477	Gbp2	1.16797668108757	NA
478	Gbp7	-1.14384415313689	NA
479	Gca	1.4408956180693	NA
480	Gcnt2	1.73481062533506	0.699600175586445
481	Gfap	6.9949503763869	4.42165007806691
482	Gfm2	-0.61560213978386	-0.870348188488241
483	Gigyf1	-0.919018447414161	NA
484	Glb1l2	7.46847421034613	NA
485	Glce	0.620156089391298	NA
486	Glrx	0.668310039313674	NA
487	Gls	0.95562040072986	NA
488	Gltp	0.632225029955965	NA
489	Gltscr1	-1.08479986936241	NA
490	Gm10336	-1.4410073088261	-1.38143494608859
491	Gm11110	5.1941926117467	NA
492	Gm11545	0.745682693427402	NA
493	Gm11837	5.24041046025673	NA
494	Snhg15	-2.13586553960294	NA
495	Gm12250	1.02511170138687	0.749726817207599
496	Gm13293	-2.87308845926862	-4.78129108556608
497	Gm13889	-1.06402020837301	-1.56210153079022
498	Gm15800	-0.792440402880115	-1.95595470142684
499	Gm16973	-2.8415982571871	-2.48692457811438
500	Gm20605	-3.1221474410636	-3.25965443066737
501	Gm3002	-1.80047078843025	-2.32122465879616
502	Gm3558	-2.92173624555801	NA
503	Gm35612	5.36071113366769	NA
504	Gm3636	-1.86481991545502	-1.84174469051678
505	Gm4951	1.70565633268628	NA
506	Tpbgl	0.660501553433906	0.771099403079072
507	Zfp975	-1.11700311305184	NA
508	Gm6277	-0.690554111375414	-0.858438980654422
509	Gm9054	-1.2595016927589	NA
510	Gna11	-0.730548790229346	-0.714140054409829
511	Gnai1	6.10641447832819	NA
512	Gnai3	0.615373508103419	NA
513	Gng12	0.722609702646959	NA
514	Gnpda2	0.673975137401658	NA
515	Golga4	-1.00562117161256	-0.809739795893254
516	Golgb1	-1.29124672511438	-1.38623483767404
517	Golt1b	1.07623933006425	0.627214724389632
518	Got1	0.747133371418482	NA
519	Gpc2	-2.19511294653594	NA
520	Gpc4	3.89827288416275	NA
521	Gpnmb	7.57501351066311	NA
522	Gpr165	-1.34003717259379	-1.60605237417705
523	Gpr18	3.35046414721515	NA
524	Gpr37l1	6.43256402616637	NA
525	Gpr65	1.99136021671176	1.07118173115932
526	Gpr84	1.16924382282012	0.98089846896093
527	Gprasp1	-0.667926967106812	NA
528	Gpt	-1.42299677362966	NA
529	Gpx7	4.08963566166539	NA
530	Gramd1a	-1.35405370424721	-0.744525587979166
531	Gsn	2.19071062037589	1.63559032122035
532	Gsr	0.729980713862999	0.785574003777602
533	Gstm1	0.880797838603813	0.61319934500085
534	Gstm4	0.729187747697802	NA
535	Gstm5	0.838072213054017	NA
536	Gsto1	1.01051566283236	NA
537	Gstt3	1.34391062169806	0.936775161006161
538	Gtf2a1	0.678277651614675	NA
539	Gtpbp2	-1.20229348421581	NA
540	Gtpbp6	-1.78207364067835	NA
541	Gucd1	-0.58608105526949	NA
542	H2-Aa	6.33658390551099	5.12612411398427
543	H2-Ab1	3.3308479491789	3.0881354440168
544	H2-D1	0.741274666355277	1.25173034235343
545	H2-DMa	0.736221205825827	NA
546	H2-Eb1	5.03905781372771	5.66848695583397
547	H2-K1	0.777683827234425	0.790700651249101
548	H2-M2	5.60854723463319	5.39526664387739
549	H2-M3	0.79629569470911	NA
550	H2-Ob	1.03368117398573	0.628157947899987
551	H2-Q5	1.71980801383407	NA
552	H6pd	1.03541951568617	1.0089219098226
553	Haao	2.32959845503229	1.01518700368087
554	Hacd3	0.674131482574744	NA
555	Hbegf	-1.24346247162419	NA
556	Hcar2	2.9016854725723	2.56493913293688
557	Hdac10	-1.08463612063105	NA
558	Hdc	7.71176324591306	NA
559	Hddc2	0.910541372255521	NA
560	Hebp1	0.807705979222068	0.817842148718802
561	Helz2	2.79388564628806	NA
562	Hemk1	-1.64251403586968	NA
563	Hgsnat	0.984679188676686	0.640672348536128
564	Hhat	1.25792363053252	NA
565	Mfsd14b	0.614927873651153	0.610975779232095
566	Hif1a	0.744028659640529	NA
567	Hist1h1c	-1.91913026700949	NA
568	Hist1h1d	-5.65097713442734	-6.69084383857741
569	Hist1h1e	-1.98433112482251	-3.26130869818872
570	Hist1h2ac	-5.06242894717771	-5.5726475510232
571	Hist1h2ad	-6.46530044234425	-6.94913929067122
572	Hist1h2ae	-2.89896858378125	-3.98557178321079
573	Hist1h2bc	-1.41517600575868	NA
574	Hist1h2be	-3.11448495003137	-3.36043324203537
575	Hist1h2bg	-3.91036923602774	-3.96549026474809
576	Hist1h3a	-5.27470212612984	-6.79567169368451
577	Hist1h3d	-4.21465268329227	-3.44741313178426
578	Hist1h3e	-5.44011821979744	-7.07990212297087
579	Hist1h4c	-2.67680248884827	-3.36828083303495
580	Hist1h4d	-1.41554429564742	-2.40288655717586
581	Hist1h4i	-2.69359477211756	-2.85723290943243
582	Hist2h4	-3.35260888368677	-4.09661117545891
583	Hist3h2ba	-4.6416082334378	NA
584	Hist4h4	-4.71903690717235	-3.86470786651031
585	Hjurp	-0.791570944376653	-1.50007899954518
586	Hlf	1.26310806751563	NA
587	Hmbox1	-0.739777426325964	-0.817790088996377
588	Hmgb2	0.699930260403102	NA
589	Hmgn3	2.4519572672979	1.56337907960346
590	Hnrnpa1	-1.08833472958582	NA
591	Hnrnpdl	-0.66648680691529	-1.2572218321147
592	Hnrnph1	-0.879402142107016	-1.17107762275862
593	Hnrnph3	-0.753965980561909	NA
594	Hp	9.37186611462941	NA
595	Hpgds	-0.71050974261985	-0.804224578566963
596	Hs3st3b1	1.2328317026744	0.890832963402447
597	Hsd11b1	7.2200531999185	NA
598	Hsd17b12	0.6624490398153	NA
599	Hsd3b7	-0.656001501281004	NA
600	Hsf1	-0.73575920797658	NA
601	Hsp90aa1	-0.833692958831356	NA
602	Hsp90ab1	-1.43782840686114	NA
603	Hspa12a	1.82055624627139	NA
604	Hspa13	0.665886704419392	NA
605	Hspa4l	-1.22471395310243	NA
606	Hspa8	-0.860899293335525	NA
607	Htra3	1.64002590636082	1.41048555109259
608	Huwe1	-1.24309727473977	-1.85297433440721
609	Hykk	0.863190964526767	NA
610	Icam2	1.29997124901359	NA
611	Ids	0.642878193889757	0.745493173566031
612	Ier2	-1.29776153379282	-1.09926708472
613	Iffo1	-0.732101719951482	NA
614	Iffo2	-0.927105636424634	-0.743261856148775
615	Ifi204	1.7911460401167	1.08082594971113
616	Ifi205	6.22217236179193	NA
617	Ifi27l2a	2.37935707276143	2.45944960107301
618	Ifi44	5.49753196633231	7.423704867113
619	Ifit1	1.36296637197026	NA
620	Ifit2	1.92667902791955	NA
621	Ifit3	1.73727178054868	1.10859552847561
622	Ifit3b	1.6891664153148	NA
623	Ifitm2	1.95790719771452	NA
624	Ifitm3	2.25198781311726	1.7377807626716
625	Ifitm6	7.75817431740534	NA
626	Ifrd1	-0.888517176350606	-0.601677155401241
627	Igflr1	-3.15945923015228	-3.89032844063898
628	Iigp1	2.12521663569776	NA
629	Il12b	6.39834649037729	NA
630	Il13ra1	0.589108210643204	NA
631	Il18bp	1.38543985634251	NA
632	Il1b	1.32334263459102	NA
633	Il1r2	3.48005447281194	NA
634	Il1rn	3.09780032956243	2.44389295704845
635	Il2rg	1.76847376230674	1.54317302975584
636	Il3ra	1.83101304814879	2.20631045469142
637	Il6ra	-0.657819504162826	NA
638	Ildr2	3.81360149313346	3.16735050987748
639	Ilvbl	0.618864801383404	NA
640	Immp2l	0.962214246778479	NA
641	Inafm2	0.643776197153321	0.748821922775233
642	Ing4	-0.892060431382656	NA
643	Ino80d	-0.839381685417397	-1.68517602932712
644	Ino80dos	0.865586304003767	-1.25222926001037
645	Inpp4a	-1.07796205736005	-1.44950488788043
646	Ipcef1	0.995565185355028	NA
647	Ippk	0.650539493957495	NA
648	Irf3	-0.691538982611515	NA
649	Isg15	1.15922182571404	NA
650	Itch	0.684380281462861	NA
651	Itgal	8.47430244643793	NA
652	Itgav	0.725692705559184	NA
653	Itgax	1.49448615708572	1.15702859615736
654	Itgb2l	8.48963002451585	NA
655	Itm2c	0.643682757156069	0.73050122702112
656	Ivns1abp	-0.886563955919915	-0.726988624740653
657	Jam3	0.680772752311372	NA
658	Jmjd1c	-0.725633244435902	-1.31125711876434
659	Jmjd6	-0.753414847419097	NA
660	Jun	-2.37135983980264	-1.3344840675541
661	Junb	-0.977628995048475	NA
662	Kansl3	-0.68807912543244	NA
663	Kat6a	-0.74308024789086	-1.57883933842531
664	Kat6b	-1.07150242651955	-1.77311999900654
665	Kbtbd3	-1.07805993431054	-0.913643019288161
666	Kbtbd6	5.86627082178492	NA
667	Kcna3	1.80540022969987	1.61051669718515
668	Kcnd3	5.40114365839924	NA
669	Kcnh4	5.45163986645045	NA
670	Kcnj10	1.095351737159	1.06332047208404
671	Kcnj12	6.09583050171886	5.23221092764687
672	Kcnk12	-0.720354384258074	NA
673	Kcnq1ot1	-1.16691648507743	-2.79175105993641
674	Kctd3	-1.50242025631521	NA
675	Kdm3b	-0.779294198290939	-0.832145517710158
676	Kdm6b	-1.38233043358336	-1.44569463546708
677	Kdsr	0.60887030375322	NA
678	Kif13a	-0.705267586826173	-0.712547808817821
679	Kif21b	-1.04450873270146	-1.27449274828319
680	Kiz	-0.796524024545256	NA
681	Klc1	-0.73548568544772	NA
682	Klhdc8b	-0.993722729062081	NA
683	Klhl17	-0.621028950387356	NA
684	Klhl38	0.750230477283027	0.761187693853394
685	Klhl42	1.02261543803656	NA
686	Klhl7	0.681364822987355	NA
687	Klk8	0.975591871399613	1.08624598007708
688	Klra2	6.7160695792249	7.41682858555222
689	Klrb1b	6.09120205275375	NA
690	Klrg2	1.77725727655496	NA
691	Kmt2a	-1.2299631785585	-1.47995166234145
692	Kmt2b	-1.17032095948577	-1.29367555369381
693	Kmt2c	-0.963998467182243	-1.2426437446096
694	Kmt2d	-1.21803481157601	-1.22358912061726
695	Krr1	-0.619260688130497	NA
696	Krt10	1.7842495936423	1.23812047224624
697	Krtcap3	-3.90491065208559	NA
698	Kynu	4.66515474202248	NA
699	Lamp2	0.908544094545956	NA
700	Lars2	0.671541680277877	NA
701	Lat2	0.909369849469299	NA
702	Lbp	7.37393164001641	5.09047137648707
703	Lclat1	0.671588867696091	NA
704	Lcn2	12.5338500118698	NA
705	Ldlr	2.03294828657859	NA
706	Leng8	-1.27886951562457	NA
707	Leprotl1	0.640455521101062	NA
708	Letm2	-0.907759044233049	NA
709	Lgals1	1.70326221294031	0.967483925776866
710	Lgals3	1.73083853974669	1.59513746374687
711	Lgals3bp	1.15277748857696	1.06984961643399
712	Lhfpl2	0.619589046235834	NA
713	Lhfpl4	2.86767310967929	NA
714	Lig1	0.679508868368608	NA
715	Lilrb4a	2.49303303760831	1.10505296884986
716	Lime1	-3.48354154338864	-2.88204209274441
717	Liph	0.731479349810742	0.770926340708922
718	Lmna	1.47144520423393	NA
719	Lnpep	0.959738946507057	NA
720	Lox	4.35410573041615	NA
721	Loxl3	-0.989370302322292	NA
722	Lpar5	0.589031182382368	NA
723	Lpar6	-0.604729952906639	-1.08880479163093
724	Lrg1	7.92474511954743	NA
725	Lrguk	3.62787178395219	NA
726	Lrp12	0.642743999442043	NA
727	Lrrc45	-1.95287081677816	NA
728	Lrrc75a	-0.778306052638126	NA
729	Lsp1	1.07982478601014	1.2445919480396
730	Ltb	0.735969413840719	NA
731	Ltb4r1	3.86545337742859	NA
732	Ltf	13.7686165868343	NA
733	Ly6c2	8.29479748068769	NA
734	Ly6k	3.19638176762875	2.66299592694483
735	Ly9	1.14596890375924	1.50180561982138
736	Lypd6	1.25268731766104	NA
737	Macf1	-1.57585364475052	-2.3982943124494
738	Macrod2	2.85666797768538	2.41835645876596
739	Madcam1	6.21249247802868	NA
740	Mafg	-0.673267727770648	NA
741	Mageh1	3.11333557687996	3.77948371360868
742	Maml1	-0.667669157758564	-0.647465260318864
743	Manea	1.1119060314422	NA
744	Map3k14	-1.25362302789577	-0.985547785801921
745	Map9	2.89911015908646	3.78858712181633
746	Mapk8ip1	2.27139311748631	NA
747	Marcksl1	0.617549573074165	0.67614791117117
748	Masp1	2.337975420291	1.66290695364388
749	Mast2	-0.700284625790052	NA
750	Mau2	-0.749671259782732	NA
751	Mb21d2	2.11644907839511	2.40606042929574
752	Mbd6	-1.1296269591696	-1.2787190124868
753	Mblac2	0.612506909279219	NA
754	Mbnl3	7.22823304558407	NA
755	Mboat1	-0.835769906835396	-1.57430169915782
756	Mcemp1	5.04712015830871	NA
757	Mcm10	6.23194524982472	5.22670945913007
758	Mcm2	1.46903339007249	0.786627801138132
759	Mcm4	0.851439847340312	NA
760	Mcm5	1.16794896753208	0.883831355061015
761	Mcm6	1.14789451666613	NA
762	Mcts2	-0.750505204478286	NA
763	Mdm4	-0.876463568980602	-0.876926977533082
764	Mecp2	-0.6935956950633	NA
765	Med12l	-0.828621807531736	-1.74063170350682
766	Med18	0.621497663399187	NA
767	Mettl17	-0.61371580465343	NA
768	Mfge8	0.595334282283664	1.22027234964675
769	Mfsd1	0.811944818619964	NA
770	Mfsd10	0.697369088248276	NA
771	Mfsd4a	0.973765357993837	NA
772	Mfsd5	0.677103643232367	0.771293953365388
773	Mga	-0.915193705226831	-1.25360129452491
774	Mgea5	-0.666298011704753	-1.11224038634663
775	Mgll	-0.705420633320284	NA
776	Mgst1	4.28778724233675	NA
777	Mib1	1.14468346783237	NA
778	Mib2	-0.831032680381278	NA
779	Miip	-1.1478384680557	-1.10540481417452
780	Milr1	0.650011451524961	NA
781	Mir3064	-1.37688840703304	-1.7895329011414
782	Mir703	1.27871133827516	NA
783	Mir7086	-1.9001058336659	-2.06082211014382
784	Mkrn3	3.95007991802636	NA
785	Mks1	-0.781344634512058	NA
786	Mlh1	-0.592902617582378	NA
787	Afdn	2.83421314738739	2.33913782784264
788	Mllt6	-1.35873640824137	NA
789	Mlph	0.664871267455589	1.19827618632906
790	Mmd	0.768999686024074	NA
791	Mmp12	4.80867280167434	4.03881024042308
792	Mmp9	7.45148719958911	NA
793	Ifi211	3.00093201492693	2.74669029753781
794	Mob1b	1.07004889303849	NA
795	Mospd2	0.707826605467483	NA
796	Mpdu1	0.605686191929984	NA
797	Mprip	-0.697022134890794	NA
798	Mpzl3	5.80767292126627	NA
799	Mrc2	1.03436780772595	NA
800	Mreg	5.79881901736266	NA
801	Mrgbp	-1.19957577498859	NA
802	Mrgpre	0.998375140260826	NA
803	Ms4a3	7.62272059347039	NA
804	Ms4a4c	1.76931624894702	NA
805	Ms4a7	2.26150804157535	NA
806	Msr1	1.34382689253055	NA
807	Mthfr	-0.780319143066503	NA
808	Mtx3	-1.72058273363325	-2.82858764237189
809	Mvb12b	-0.80727104002953	NA
810	Mx2	-2.0033369526841	NA
811	Myb	5.01962141727271	NA
812	Mycbp2	-0.997073902830207	-1.63512164819876
813	Myo1d	-0.867928242181075	-1.22533469406459
814	Myof	6.61563163119892	7.27323620353752
815	Mysm1	-0.606702148623636	-0.93023347264482
816	Naa16	-0.795503174865175	-0.785717224941383
817	Naaa	0.860391751780906	0.651497203666199
818	Naalad2	2.21637858043914	2.01213126861113
819	Naglu	0.648606833792477	NA
820	Napsa	7.12435528252015	5.03176338714091
821	Ncam1	5.21487085189737	NA
822	Ncapg	4.35759612960443	NA
823	Nceh1	1.69648540884929	1.00398787221726
824	Ndrg2	1.30261837857197	0.932572070037575
825	Ndufa1	0.813739800267607	NA
826	Neat1	-1.12604018639185	-2.194409719006
827	Neu3	1.31376383457845	NA
828	Nf2	-0.629458938217301	NA
829	Nfat5	-1.02076430317798	-0.993320999547268
830	Nfe2	4.68719520872011	NA
831	Nfkbid	-1.67043686355223	-2.35259807959902
832	Nfkbiz	-1.80447307375285	-1.98224995083421
833	Nfrkb	-0.768286485284797	NA
834	Nfya	-0.611225391642738	NA
835	Ngp	12.5112905437913	NA
836	Nhsl2	-0.796147199187529	NA
837	Nipa1	0.663799090347066	NA
838	Nipbl	-0.758479326792533	-1.02687080287357
839	Nkap	0.588623225115308	NA
840	Nkapl	2.77712409172534	NA
841	Nktr	-0.987193295256685	-1.78144582011394
842	Nle1	-0.799374683088636	NA
843	Nlrp3	-0.622701001109221	-0.709728759422448
844	Nmnat1	-0.829368615197079	NA
845	Nmt2	-0.750494757868436	NA
846	Nos1ap	-0.678609667473968	-0.928172210646816
847	Npnt	0.61205942783482	NA
848	Nr3c2	0.692393839475777	NA
849	Nrp	0.821772931931511	-0.769651840065702
850	Nsd1	-0.612616464354853	-1.24514967015868
851	Nsl1	1.21031781225263	NA
852	Nsun5	-0.620279373817186	NA
853	Nuak1	-0.721914146291521	-0.819878523298377
854	Nucks1	0.832589245905204	NA
855	Nudcd3	0.694160377635754	NA
856	Nudt14	0.624737675709025	NA
857	Nudt19	0.605478615445124	NA
858	Nup155	0.603551337793079	0.60532460910049
859	Nup210	1.71745857488224	NA
860	Nup88	-0.587790133341159	NA
861	Nupr1	-0.867770971777236	NA
862	Nxf1	-1.06028696189906	-0.817691789771462
863	Nxt2	0.671846035110664	NA
864	Oas1a	1.43804728590089	NA
865	Oas1g	3.82264581581403	NA
866	Oas3	7.92919283445179	4.54258492562791
867	Oasl1	1.98212699964362	NA
868	Oasl2	2.93092961652427	1.52816126803581
869	Ocln	1.78544821642898	1.46101798920024
870	Olfm4	3.10330889796331	NA
871	Olr1	2.56788671162174	NA
872	Oraov1	-0.588172672659827	NA
873	Osm	-0.65541301816648	NA
874	P2ry2	2.33211506021508	NA
875	Pafah1b3	0.765744884761849	NA
876	Pam16	-1.40103156944558	NA
877	Pan3	-0.94685644403034	-1.27408215159948
878	Pank3	0.702645341548579	NA
879	Pank4	-0.873287126157829	NA
880	Panx1	0.856673221260747	1.11626806722167
881	Park2	1.10724637780224	NA
882	Parp6	-1.42611011530971	NA
883	Parp8	-0.634758801654251	NA
884	Particl	-1.10765764340248	-1.76055010193206
885	Pcbp3	3.57050153703208	5.28890343883257
886	Pcdhb22	1.81541156366342	1.34664706758969
887	Pcdhga2	1.98764640025322	0.95142082972691
888	Pcdhga4	2.25389596124358	1.6868541799773
889	Pcdhgb2	1.57256431334444	1.4930102410835
890	Pced1a	-0.757663973339651	NA
891	Pcf11	-0.698915337777884	-1.31706458938312
892	Pcgf1	-0.714733788041818	NA
893	Pcnx2	-4.16646674355007	-3.27654662736355
894	Pcp4	1.17360533831522	NA
895	Pcyox1	0.663053059209725	NA
896	Pcyt1a	0.732301102158568	NA
897	Pdcd1	3.20545468189282	3.01916875449485
898	Pde10a	4.06062699913806	NA
899	Pde1b	-2.96011810558014	-2.54721066872691
900	Pde2a	2.3148710467878	2.54776825817878
901	Pdgfc	3.1802429455213	NA
902	Pdk3	0.590309753119839	NA
903	Pdp1	1.10865158977955	NA
904	Pdp2	0.736421414010683	NA
905	Pdzrn4	2.5388891031645	2.35431375420424
906	Pecr	0.649088711579666	NA
907	Peg12	3.77010105340417	3.58886246066045
908	Perp	1.05817010940621	NA
909	Pfas	-0.697259715827457	-1.04747377306969
910	Pfkfb2	-0.829399651176932	-1.04436165435839
911	Pfkp	1.74816509178686	NA
912	Pgk1	0.721815899664573	NA
913	Pglyrp1	9.01509507712979	NA
914	Pgs1	-0.680479391533393	NA
915	Phf1	-1.16875628265584	NA
916	Phf11a	3.97225681725397	NA
917	Phf11b	1.33601933366747	NA
918	Phf12	-0.619130622936268	NA
919	Phf21a	-1.07367263236612	-0.822834072171633
920	Phf6	0.72633070106192	NA
921	Pianp	3.13894513943702	4.6416468413024
922	Pigm	0.625361425152516	NA
923	Pigp	0.601316492821134	NA
924	Pik3cd	-0.610303484517988	NA
925	Pik3ip1	1.32902634296061	NA
926	Pilrb1	3.80040032596105	NA
927	Pilrb2	3.36459996976945	NA
928	Pip4k2b	-0.840773440474211	NA
929	Pisd-ps1	-1.07274982650118	-0.870616285216422
930	Pisd-ps3	-0.947402283428128	NA
931	Pkp4	-1.72132904827936	-1.20509477616507
932	Plac8	1.86638239703473	NA
933	Plaur	0.895448978144259	0.710274695012593
934	Plbd1	5.7628910486586	NA
935	Plbd2	0.589025396825334	0.64784792659863
936	Plcl1	0.615455210382169	NA
937	Plek	0.616908913176947	NA
938	Plekhf2	0.706241679730418	NA
939	Plin2	-0.634782216194179	NA
940	Pnisr	-0.858195108971843	-1.98705268502017
941	Pnn	-1.10727500437673	-1.32386052675882
942	Pold4	-0.663037229411841	NA
943	Pole	4.94600099364976	-3.43253120522063
944	Poli	-0.933137961984259	NA
945	Polr2m	-0.616778079794229	NA
946	Polr3e	-0.601900407373144	NA
947	Postn	-0.966660224154375	NA
948	Pou2f2	-1.09555975337771	NA
949	Pou6f1	-0.870977082537175	NA
950	Plpp1	0.786649794415118	NA
951	Plpp2	1.05689453399275	0.800084264530217
952	Ppard	-1.00520648625747	NA
953	Ppcdc	-0.605588966562642	-0.605083353816672
954	Ppia	0.606203262015988	NA
955	Ppip5k1	-0.626344836631511	NA
956	Ppox	-0.671575392075281	NA
957	Ppp1r12c	-0.996167466187198	NA
958	Ppp1r15a	-0.689908774229369	NA
959	Ppp1r16a	-0.866730397696854	NA
960	Ppp5c	-0.601106095913928	NA
961	Ppp6c	0.603539449285894	NA
962	Pqlc3	1.15699060632396	1.06408547795098
963	Prdm11	-1.25077935658503	NA
964	Prdm2	-0.685974020112794	-1.20913701820352
965	Prdx1	0.709608764703194	NA
966	Prdx4	0.982118820326157	NA
967	Prkaa2	3.4296836308519	NA
968	Prkacb	1.0370053616553	0.683184053841593
969	Prpf38b	-0.818091864320269	-0.918415793017974
970	Prpf40b	-1.02706361024824	NA
971	Prps1	0.720781363042318	NA
972	Prps1l3	0.791597270988184	NA
973	Prr5l	0.850142158977146	NA
974	Prrc2a	-1.05507853603205	-0.893700252202524
975	Prrc2b	-0.752680016157528	-1.09855362931174
976	Prrc2c	-0.909816866958187	-1.4160682268228
977	Psat1	1.30992784896894	0.64302018999726
978	Psme2b	-1.38419111208641	-1.18009196153572
979	Pstpip1	4.03430343950756	1.33738543344002
980	Ptbp2	-1.98302169854659	-2.319198958645
981	Ptcd3	-0.721325489350474	NA
982	Ptchd1	1.15344161837229	NA
983	Ptdss1	0.591944178131622	NA
984	Ptger1	-1.15483984482505	NA
985	Ptger4	4.37434513453325	4.11633131527879
986	Ptk2	1.12290561607717	1.93405740710382
987	Ptp4a1	0.870424988391789	NA
988	Ptpn23	-1.11891582528432	NA
989	Ptprm	0.770802240929258	NA
990	Pwp2	0.732106243960525	0.805139380220692
991	Pxdc1	0.709335825830791	0.864759759128706
992	Ifi213	3.96916263707728	3.96280269154687
993	Pyhin1	1.10000945046898	NA
994	R3hcc1	-0.894560696785038	NA
995	Rab11fip1	5.09530469098286	NA
996	Rab19	1.19724230370137	NA
997	Rab33b	0.82980805912287	NA
998	Rab3d	1.25662876153494	1.30786232321292
999	Rab7b	2.43987408874201	NA
1000	Rabl6	-0.629458384665457	NA
1001	Rad51b	1.25625661260568	NA
1002	Rai14	2.0353754385553	NA
1003	Raly	-1.03801093319306	NA
1004	Rasgrf2	1.60183512392079	1.44879064622229
1005	Rasgrp3	-0.5980667690653	-0.598910013167916
1006	Rasgrp4	-0.903430206032736	NA
1007	Rassf1	-0.940568127214211	-0.677707268830178
1008	Rbbp6	-0.674674987601066	-1.2069711300808
1009	Rbm3	0.830765412853369	NA
1010	Rbm33	-0.764734441201595	-1.08505793173818
1011	Rbm5	-0.946702832492973	-0.589642173289848
1012	Rbm6	-1.05824941800933	-0.586074192577858
1013	Rbpms	0.860410846103835	0.831583897920344
1014	Rcan3	0.940760215175999	0.643689424816518
1015	Rcn1	0.593276831253741	NA
1016	Rell1	0.728382621680239	NA
1017	Rere	-0.810650186378544	NA
1018	Rexo1	-0.816603037434429	NA
1019	Rfng	-1.12191267892927	NA
1020	Rftn1	0.69399741116141	0.870995828863092
1021	Rgl2	-1.83606647335313	-1.29417330330901
1022	Rgs1	-1.20347025923715	NA
1023	Rgs7bp	-2.86633873656358	-3.07041222451171
1024	Rhobtb1	-0.608350656765266	NA
1025	Ric3	0.856421820739738	NA
1026	Rlim	0.924381986314113	NA
1027	Rnase6	0.77341915386683	NA
1028	Rnasel	-1.06892311685277	-1.29654452812669
1029	Rnf13	0.694235429297921	NA
1030	Rora	0.799367286534442	0.997915354680553
1031	Rpain	-0.938408062222937	-0.604152758762213
1032	Rpl10	-2.30050706618565	-2.72587208554323
1033	Rpl10a	-1.4491443808643	-1.4150784778663
1034	Rpl13	0.786065534397691	NA
1035	Rpl13a	0.646498849769299	NA
1036	Rpl14	0.990281325114491	NA
1037	Rpl14-ps1	0.868939966721168	NA
1038	Rpl18a	0.641240464482944	NA
1039	Rpl27	0.939973668099276	NA
1040	Rpl32	1.094723039811	NA
1041	Rpl37	0.823743538431079	NA
1042	Rpl37a	0.873783801380907	NA
1043	Rpl38	0.996636995481533	NA
1044	Rpl39	1.02238904575634	NA
1045	Rpl41	0.625582590437295	NA
1046	Rpl6	0.596164323327359	NA
1047	Rplp1	0.980544829743756	NA
1048	Rplp2	0.840454353950901	NA
1049	Rps10	0.730480761449465	NA
1050	Rps11	0.689234654275263	NA
1051	Rps14	0.861617694220195	NA
1052	Rps18	0.787132057565796	NA
1053	Rps19	0.979694391445872	0.672007157218038
1054	Rps2	0.72750356201075	NA
1055	Rps20	1.13529781580416	NA
1056	Rps25	0.888957779231189	NA
1057	Rps26	0.775198585184574	NA
1058	Rps27	-1.44387768170961	-2.03620512339554
1059	Rps3	0.59644274595778	NA
1060	Rps3a1	0.699378731632779	NA
1061	Rps4x	0.671381555081909	NA
1062	Rps5	0.802619507271703	NA
1063	Rps6kb2	-1.2664701534974	-0.957944409890302
1064	Rps7	1.01965863168425	NA
1065	Rps9	0.79350521649144	NA
1066	Rrbp1	-1.13535315797372	NA
1067	Rrnad1	-1.84707564086517	-1.42630316807098
1068	Rsad2	3.42753211277786	1.87047311356798
1069	Rsf1	-0.68331981510251	-0.603221033248443
1070	Rtp4	1.14649743705871	NA
1071	Rxrg	4.07466211180072	4.72200281711763
1072	Ryk	0.590829023485957	NA
1073	S100a1	0.729597961727271	NA
1074	S100a4	2.6131226879101	3.0786524786382
1075	S100a6	4.66508342400966	3.32704398375524
1076	S100a8	14.2915931965745	NA
1077	S100a9	14.139402511811	NA
1078	S1pr1	0.999653390888885	0.679555099542416
1079	Sacm1l	0.588734782582073	NA
1080	Safb2	-1.35520274874399	-0.867593854038855
1081	Samd9l	1.89410293353663	NA
1082	Sc5d	0.678706031923526	NA
1083	Scimp	1.83514750325725	NA
1084	Scnm1	-0.629858377054033	NA
1085	Scpep1	0.701650913964062	NA
1086	Sdc3	1.39425533290601	1.64086260479216
1087	Sdcbp	0.654855535650081	NA
1088	Sdccag3	-0.862593918520382	NA
1089	Sdccag8	-0.63998650891754	NA
1090	Sec22a	0.645724382309705	NA
1091	Secisbp2	-0.698679868233954	NA
1092	Selm	1.13703405630652	0.957709273137152
1093	Sept2	0.598997781312484	NA
1094	Sept6	0.836100100533251	NA
1095	Sepw1	1.24936261965773	NA
1096	Serp1	0.755289516481558	NA
1097	Serpinb1a	9.69834592100722	NA
1098	Serpine2	0.606820762081824	NA
1099	Setd1a	-0.822196689021774	-1.18625708232011
1100	Setd5	-0.735640764148791	-1.50810849670615
1101	Sfi1	-0.913738810747223	NA
1102	Sfswap	-0.842757767060486	NA
1103	Sgcb	1.27686692347591	0.771649402950883
1104	Sgip1	1.68063883061665	NA
1105	Sgpl1	1.06392136413652	0.778511484274485
1106	Sgpp1	1.02507058536299	NA
1107	Sh3bgrl	1.23869489224267	NA
1108	Sh3bp5	-0.656153528196153	NA
1109	Sh3gl1	-0.697476357417411	NA
1110	Sh3pxd2a	-1.14961527058074	-1.37190096436169
1111	Shisa5	0.61251619881131	0.848060604447427
1112	Siglech	-0.677041918342687	NA
1113	Sik1	3.14913342016219	NA
1114	Sik2	-0.636522569796782	NA
1115	Sipa1	-0.812471594523389	NA
1116	Sirt7	-0.653133832095341	NA
1117	Slamf8	0.972975768667984	NA
1118	Slamf9	1.72494889339938	0.730686317223394
1119	Slc11a2	0.61291169877501	0.657757497317799
1120	Slc14a1	1.41939445304524	NA
1121	Slc16a3	0.718788383414362	0.859379263022465
1122	Slc16a6	-0.751578190516833	NA
1123	Slc22a17	0.735282165518758	NA
1124	Slc25a24	6.6072829677826	NA
1125	Slc25a26	-0.685130316097707	NA
1126	Slc25a37	-1.70875941659763	-1.43320198788236
1127	Slc25a45	-0.859516940372321	NA
1128	Slc25a46	0.672557686725598	NA
1129	Slc26a6	-1.38003310281367	NA
1130	Slc28a2	6.2117504523357	NA
1131	Slc2a1	0.62408408635448	NA
1132	Slc2a10	2.33784068878851	4.20556827191922
1133	Slc2a3	1.45377195246598	1.2144555542104
1134	Slc2a6	2.26927398224536	2.36967302892296
1135	Slc30a4	0.744492849956975	NA
1136	Slc30a7	0.686382517289842	NA
1137	Slc35a3	1.34955503285823	NA
1138	Slc35a5	0.722070792796016	NA
1139	Slc35b2	0.808838293450054	0.667703001571458
1140	Slc35d2	1.25456964932101	NA
1141	Slc35g1	1.80936940736736	1.57458931984158
1142	Slc36a1	-0.906586245592977	-0.856041648840332
1143	Slc38a6	-1.14803622971178	-1.64063085948151
1144	Slc39a11	1.01454716609464	0.827772689470849
1145	Slc39a4	2.00564253588982	0.852168052654081
1146	Slc39a9	0.614396265651273	NA
1147	Slc41a3	0.98364251838954	NA
1148	Slc44a1	0.919158204143366	NA
1149	Slc44a2	0.618631350387497	NA
1150	Slc46a1	0.608174839718496	0.769816547984342
1151	Slc5a10	1.48318056542553	1.56377432709745
1152	Slc6a1	6.08357868426789	5.86687715974571
1153	Slc6a9	2.24205774059878	NA
1154	Slc7a1	0.761498228614635	NA
1155	Slc7a5	0.632003406930979	NA
1156	Slc9a6	0.719237529971516	NA
1157	Slfn2	1.31297807111878	0.806405733161173
1158	Smarca2	-0.71975373518369	-0.620314709680516
1159	Smg1	-1.06081828889736	-2.23529135805444
1160	Smim13	0.60067490179915	NA
1161	Smim14	0.6902345433514	NA
1162	Smim3	0.948204715257752	0.878632862520434
1163	Smim4	0.887566170209465	NA
1164	Smox	-1.00966425832612	-0.606152930113076
1165	Smpd5	-1.34861120730214	-0.957010402024494
1166	Smpdl3a	0.798458289433726	NA
1167	Snap25	1.75678943035937	NA
1168	Snhg1	-2.31628338432869	-1.87744647858067
1169	Snhg17	-3.28485721235036	-1.79118414290167
1170	Snhg20	-2.06328864831175	-2.47081213342513
1171	Snhg5	-2.14852820282356	-1.67521736423567
1172	Snora68	-2.90192638836163	-3.19271515023297
1173	Snora70	-3.53419915721688	-3.99944836611582
1174	Snord49a	-2.63793804584548	-3.87049688556398
1175	Snph	1.35111690972024	1.93320741412533
1176	Snrnp70	-0.757360949754465	NA
1177	Snta1	-0.777831943454702	NA
1178	Soat1	0.616573752812704	NA
1179	Sort1	0.690685154483634	0.628981103712368
1180	Sowahc	0.686987380436215	NA
1181	Sp100	1.31397295051293	1.12659895879801
1182	Spag5	7.51164377887716	NA
1183	Spata24	1.59534017977791	NA
1184	Spata5l1	-1.15868528534795	NA
1185	Spcs3	0.61936471802761	NA
1186	Spen	-1.69267139586232	-1.47398751577463
1187	Spice1	-1.06983926046152	NA
1188	Spint1	0.711113480407796	1.04249136925889
1189	Spns2	0.668846631819385	0.99046261920763
1190	Spock1	3.4628844154469	NA
1191	Spp1	3.64152763519333	2.69310849690452
1192	Sppl2a	0.824211828225272	NA
1193	Sqle	1.0332579215061	NA
1194	Srcap	-1.00144356896538	-1.59999897580327
1195	Srebf2	0.657731238896315	NA
1196	Srgn	0.98568611993218	NA
1197	Srrt	-0.710871558425118	NA
1198	Srsf5	-0.906127583837643	-1.39997495515091
1199	Ssbp1	-0.953689415132783	-0.934515094221348
1200	St14	1.34338257590109	1.63131797537882
1201	St8sia6	2.46930672955272	2.23143633925153
1202	Stard8	-0.765710984984414	NA
1203	Stat1	0.588109004541561	NA
1204	Stip1	-1.30039750025697	NA
1205	Stk11	-0.992763734175176	NA
1206	Stk16	-0.776658410813679	NA
1207	Stk26	0.840587812085741	NA
1208	Stx16	-1.24407903967351	-1.15634411069077
1209	Stx4a	-0.80958158275997	-1.17077743679652
1210	Sun1	0.602360930415597	NA
1211	Surf2	-0.619557770184494	NA
1212	Kmt5c	-1.11758900281282	NA
1213	Syk	-0.789846664294524	NA
1214	Syngr1	0.78443261906686	NA
1215	Synj2	1.50505785944769	NA
1216	Syp	1.25876964597701	1.85463738743183
1217	Tab2	-0.77511263353032	-1.0218954366
1218	Tada3	-0.646323046268428	NA
1219	Taf1a	-1.32173638656824	NA
1220	Taf4	-0.825059191927239	NA
1221	Tagap1	-1.12220851525735	-0.88394732785704
1222	Tagln2	0.804930082252394	0.793617847407967
1223	Tal1	-0.853081942174441	NA
1224	Taok2	-0.790416331775868	NA
1225	Tarbp2	-0.817844215079979	NA
1226	Tbc1d1	0.809227798751957	NA
1227	Tbc1d16	-1.4372500293233	-0.783831989789439
1228	Tbc1d19	0.733808080930652	NA
1229	Tbc1d31	-0.731809581254611	NA
1230	Tbcd	0.686324925575765	NA
1231	Tbrg4	-0.879705658432138	NA
1232	Tcf19	1.34097600357135	1.18619873706294
1233	Tcf20	-1.57968809579194	-2.44803968272035
1234	Tcirg1	-0.611805456727358	NA
1235	Tctn1	0.772058866676628	NA
1236	Tet1	-1.17719961529009	-1.9835709816876
1237	Tet2	-0.890346902172371	-2.2247565860442
1238	Tet3	-1.07394491629267	-1.21551960719812
1239	Tfec	-6.54029596132721	-6.70246395018326
1240	Tfrc	0.96022371742924	NA
1241	Tgfbr1	1.16307546885819	NA
1242	Tgtp2	2.6377105084764	2.03140351275035
1243	Thrb	3.15275771528678	NA
1244	Timeless	2.89895508204357	NA
1245	Tlr12	0.816408302691947	1.0058557669874
1246	Tlr2	1.2882662630828	0.777313518213189
1247	Tlr3	0.911656190393308	0.758743586068195
1248	Tm6sf1	-0.598562728686399	NA
1249	Tm9sf3	0.616008659701071	NA
1250	Tmbim1	0.639683578318285	0.850410925894064
1251	Tmed2	0.667196129959137	NA
1252	Tmed7	0.847587491846828	NA
1253	Tmem154	2.81652779017198	NA
1254	Tmem160	0.78326482111544	NA
1255	Tmem168	0.781636876340331	NA
1256	Mfsd13a	1.15114136688914	NA
1257	Tmem181a	0.770982559738798	NA
1258	Tmem181b-ps	-2.78510676511276	-2.68028976996085
1259	Tmem183a	-0.636135936417224	-0.897691237742436
1260	Tmem204	-0.641530676805666	NA
1261	Tmem205	2.25276112855056	1.35667472067719
1262	Tmem243	0.724824159820518	NA
1263	Tmem246	6.26898048797237	NA
1264	Tmem263	0.961972469429752	NA
1265	Tmem30a	0.695617345374252	NA
1266	Tmem38b	0.797779464692515	NA
1267	Tmem64	0.754442807730211	NA
1268	Tmem65	0.720577678431744	NA
1269	Tmem67	1.0196365426158	NA
1270	Tmem71	0.977801243805891	NA
1271	Tmem86b	-3.40614656807016	NA
1272	Tmem8c	1.36773191240261	1.68187718988767
1273	Tmem9b	0.72797523861863	NA
1274	Tmf1	-0.700428801132261	-1.23896630293947
1275	Tmtc3	0.718333213441641	NA
1276	Tmtc4	0.965001461060333	NA
1277	Tmx1	0.810712977805409	NA
1278	Tmx4	0.764411907851632	NA
1279	Tnfaip2	0.756655665258247	1.11455700783487
1280	Tnfaip8l3	5.95899691564217	NA
1281	Tnfrsf22	0.990058129868205	NA
1282	Tnfsf13b	2.02096848548524	1.49281079123344
1283	Tnfsf8	2.41334378878458	2.05900789519167
1284	Tnrc18	-0.941909449590987	-1.05314495208989
1285	Tnrc6a	-0.911916207928394	-1.4403127746686
1286	Tnrc6b	-0.620472791684012	-0.884909771371754
1287	Tnrc6c	-0.858390923599333	-0.775908147199274
1288	Tomm20	0.703563633053681	NA
1289	Tor3a	0.653906937577801	NA
1290	Tpst1	0.665611301213874	NA
1291	Tram1	0.857369051802551	NA
1292	Trappc6a	0.61511532966661	NA
1293	Trim13	0.91735225541852	NA
1294	Trim17	-3.29087204473942	NA
1295	Trim26	-0.657303493686752	NA
1296	Trim37	0.697041523190403	NA
1297	Trim44	-0.594958268332142	NA
1298	Trio	-0.644028581204304	-1.653215268067
1299	Trip11	-0.830458130529188	-1.81672411568373
1300	Trip6	-2.64436369757525	-3.17930180402366
1301	Trit1	-0.633828708715139	NA
1302	Trmt1	-0.587144316690628	NA
1303	Trmu	-0.710114150132929	-1.03135819404937
1304	Trove2	0.796231830131593	NA
1305	Trp53cor1	-1.28768594275102	-2.02939303083566
1306	Trps1	2.55305487327909	NA
1307	Trrap	-0.597513924077074	-1.00160772917466
1308	Tspan13	0.620155260522703	NA
1309	Tspan17	2.1231659459074	2.99685874240687
1310	Tspan4	0.620402583779984	NA
1311	Tspan6	6.92639220775168	6.7149279411756
1312	Tspan8	1.35730539309284	NA
1313	Tspo	0.938086290725388	1.09005408843112
1314	Tspyl2	-0.928825222748179	NA
1315	Tspyl3	0.60904949054878	NA
1316	Ttc9	1.30588663050205	1.13726172626959
1317	Ttf1	-0.735989632378284	-0.663605478674394
1318	Ttll3	-1.94184986082052	-2.15087049379845
1319	Tuba4a	1.15073779122215	0.685338568405002
1320	Tubgcp4	-0.742014489455651	NA
1321	Txlna	-0.631750769271962	NA
1322	Txlng	-0.965734561861376	NA
1323	Txndc16	0.608593720266723	NA
1324	Tyw5	-0.955487856638971	-1.37371191820842
1325	Uba52	1.01171265033699	NA
1326	Uba6	0.828601075804271	NA
1327	Ube2e2	1.71227365136974	NA
1328	Ube2l6	0.836404784497142	0.619998152534316
1329	Ubn2	-0.956734466388797	-1.35740955490492
1330	Ubr4	-0.826558281304191	-1.53766143870993
1331	Ugt1a7c	0.610984015753252	NA
1332	Uhrf1	1.94383372717247	2.32413747429615
1333	Uimc1	-0.607663063547381	-0.839028349048056
1334	Upf3b	-0.960682549263381	-1.09738926553829
1335	Upk1b	1.48161355362951	1.80534281137291
1336	Urm1	-0.697348875765982	NA
1337	Usf2	-0.675186701865305	NA
1338	Usp11	-0.712926182174359	NA
1339	Usp16	-0.631821345601267	-0.76031458665709
1340	Usp18	1.59195812622473	NA
1341	Utp14a	-0.74752887304467	NA
1342	Vamp1	-1.52489567022134	-2.11684911088627
1343	Vcam1	2.7195332721726	2.57861440068882
1344	Vkorc1l1	0.591095083764042	NA
1345	Vmp1	0.612213060822038	NA
1346	Vps9d1	-1.08212592443941	NA
1347	Wars2	-0.983588276388344	NA
1348	Wdfy1	-0.821818884231744	NA
1349	Wdr13	-0.76595958598576	-0.727182839646243
1350	Wdr26	-0.758494990765607	-0.757604030302044
1351	Wdr83	-0.936082462662236	NA
1352	Wdr83os	0.586714342721088	NA
1353	Wee1	3.40046006065033	NA
1354	Wfdc21	7.29933772655296	NA
1355	Whrn	-0.902443113179504	NA
1356	Wnk1	-0.632228678808894	-1.28841720471271
1357	Wscd1	1.3647203938877	1.42537227408215
1358	Wwox	0.80963858790214	NA
1359	Xdh	4.25857889136429	2.91014627811422
1360	Yeats2	-0.722581692969132	NA
1361	Yipf6	1.02614280118426	NA
1362	Zbed3	-0.768639951720515	NA
1363	Zbp1	2.36455603067223	NA
1364	Zbtb42	4.13893915129361	NA
1365	Zbtb48	-1.12937118538474	-1.36205607971195
1366	Zbtb7a	-0.803377464931568	NA
1367	Zc3h11a	-0.902231908028687	NA
1368	Zc3h12a	-1.63441768008964	NA
1369	Zc3h12d	5.22598708225361	NA
1370	Zc3h13	-1.32074648089936	-1.34983716458509
1371	Zc3h7a	-0.97349221118583	-1.04087099590379
1372	Zc3h8	-1.03532513013757	NA
1373	Zcchc14	-0.78786823203484	-1.07731805236791
1374	Zcchc7	-1.23268233473139	-1.57654006454423
1375	Zfhx3	-0.997293809533319	-0.784442033735112
1376	Zfp106	-0.698969758461927	-0.842482313281827
1377	Zfp142	-1.23207845726367	NA
1378	Zfp146	-0.9902963731504	-1.39512441113309
1379	Zfp236	-0.637413372847054	-1.02512783562381
1380	Zfp266	0.671339708327137	NA
1381	Zfp275	0.86636239590162	NA
1382	Zfp276	-0.919031640459817	-0.945947944360972
1383	Zfp318	-0.724213080573387	-1.68811805512813
1384	Zfp36	-1.57579095679736	-0.847750727243062
1385	Zfp367	0.891845417874814	NA
1386	Zfp408	-0.856748532684598	NA
1387	Zfp455	0.867755482423253	NA
1388	Zfp507	5.85295767340667	4.86878800512604
1389	Zfp511	-0.947367887583381	NA
1390	Zfp521	4.47727335262531	NA
1391	Zfp532	-0.940770355585837	NA
1392	Zfp597	1.11356573697623	NA
1393	Zfp598	-0.99753388501204	NA
1394	Zfp608	-0.992656803369776	NA
1395	Zfp609	-0.966293427811181	-1.69706375773614
1396	Zfp62	-0.684669373129673	-0.655502149395522
1397	Zfp653	-0.978973308567012	NA
1398	Zfp692	-0.920061729354385	-1.19063947165047
1399	Zfp704	-0.842551157531253	NA
1400	Zfp710	-0.805506114098642	NA
1401	Zfp862-ps	-0.822464459273927	NA
1402	Zfp90	-0.6209506031355	-0.605860470692583
1403	Zfp947	6.31799811936769	NA
1404	Zfyve19	-0.621734562317405	NA
1405	Zgpat	-0.732226199338712	NA
1406	Zkscan2	3.88955656746639	4.0772433820385
1407	Zkscan5	-0.687011781262999	NA
1408	Zmpste24	1.04344637067738	NA
1409	Zmym6	-1.59637649894398	-0.961159784061378
1410	Zmynd8	-0.799375604848175	NA
1411	Znrd1as	-0.959018809131721	NA
1412	Znrf1	-0.618857052571429	NA
1413	Zrsr1	-1.56732683901772	NA
1414	Zscan26	-1.12856505519228	-1.39365298824506
1415	Zw10	-0.622570711622021	NA
1416	0610030E20Rik	NA	-0.83738237666549
1417	0610039H22Rik	NA	-4.73828954102787
1418	1110037F02Rik	NA	-0.61404372617894
1419	1500015A07Rik	NA	-2.60652351632771
1420	1700025N23Rik	NA	-4.26263276869726
1421	1700029J07Rik	NA	-2.77781545187761
1422	1700066B19Rik	NA	-1.25405421123034
1423	1700094D03Rik	NA	-2.00957416776025
1424	1700096K18Rik	NA	-1.08370186089526
1425	1700102P08Rik	NA	-4.96545308973302
1426	1700109H08Rik	NA	-1.94699049629544
1427	1700110C19Rik	NA	-1.62449619056626
1428	Ube2d-ps	NA	-0.713919129649076
1429	2310035C23Rik	NA	-0.679070891377246
1430	2410089E03Rik	NA	-1.11298752774846
1431	2610008E11Rik	NA	-1.01151780096774
1432	Ccdc191	NA	-1.07957456280444
1433	2610507I01Rik	NA	-0.763222411034103
1434	2700038G22Rik	NA	-2.06558650347148
1435	2810013P06Rik	NA	-1.09998005577811
1436	2810474O19Rik	NA	-1.04205997909289
1437	2900005J15Rik	NA	-1.3161343517064
1438	3000002C10Rik	NA	-2.25744810627415
1439	3110021N24Rik	NA	-1.19454295455265
1440	3110062M04Rik	NA	-0.88371994635242
1441	4632404H12Rik	NA	-1.55125608855135
1442	4632415L05Rik	NA	-0.807041529967791
1443	4632427E13Rik	NA	-0.873844032074538
1444	4632428C04Rik	NA	-2.95244281843611
1445	4831440E17Rik	NA	-1.95908130334014
1446	4833420G17Rik	NA	-0.737112283579106
1447	4921524J17Rik	NA	-0.778769973866148
1448	4930503L19Rik	NA	-1.5229191269196
1449	4930506C21Rik	NA	-3.24063228869941
1450	4930507D05Rik	NA	-3.72183546449872
1451	4930512B01Rik	NA	-2.21944251067442
1452	4930579G18Rik	NA	-3.53816340000702
1453	4930594C11Rik	NA	-2.20791175900873
1454	4930599N23Rik	NA	-1.0156435316229
1455	4931431C16Rik	NA	-0.847701407041576
1456	4932438A13Rik	NA	-1.16059524535243
1457	4933407K13Rik	NA	-1.43131048895595
1458	4933427D14Rik	NA	-1.02714492017057
1459	4933431G14Rik	NA	-3.50441907183072
1460	4933433G15Rik	NA	-2.81914015798408
1461	4933439C10Rik	NA	-1.38026904006041
1462	5031425E22Rik	NA	-0.986921798228052
1463	5430405H02Rik	NA	-1.29119696938117
1464	5430416N02Rik	NA	-3.13076532085302
1465	5530601H04Rik	NA	-1.01356909417059
1466	5730455P16Rik	NA	-0.922345750379553
1467	6330407A03Rik	NA	-3.44499621074322
1468	6330409D20Rik	NA	-3.94438222554571
1469	6530402F18Rik	NA	1.31614519820956
1470	8030423J24Rik	NA	-1.64977380879558
1471	8430408G22Rik	NA	-2.44043544318151
1472	9130023H24Rik	NA	-0.967284481364384
1473	9330133O14Rik	NA	-0.752181649375955
1474	9330151L19Rik	NA	-2.36647087993761
1475	9430060I03Rik	NA	-1.48122792858976
1476	Zfp976	NA	-2.83483459724069
1477	A430035B10Rik	NA	-1.54204817416466
1478	A430090L17Rik	NA	-2.07798921294343
1479	A530064D06Rik	NA	5.46973192804849
1480	A530088E08Rik	NA	-1.05355627709495
1481	A830080D01Rik	NA	-0.910688683294451
1482	A830082N09Rik	NA	-6.55300844658062
1483	AU022793	NA	-1.06281795198918
1484	Aasdh	NA	-1.23263977677641
1485	Abcc3	NA	0.680066433308845
1486	Abcc5	NA	-0.740742706641869
1487	Abhd14a	NA	0.756234034944584
1488	Abl2	NA	-1.14859890206095
1489	Actn4	NA	0.609169780824197
1490	Acvrl1	NA	0.97212790366298
1491	Adam3	NA	-0.71557799481628
1492	Adamts10	NA	-1.84334342085727
1493	Adamts16	NA	-1.33307680308957
1494	Adcy9	NA	-0.726898616814083
1495	Add3	NA	0.623107843608973
1496	Adgra2	NA	0.871218666037222
1497	Adgrg1	NA	0.759979563009315
1498	Adhfe1	NA	-1.12070578207743
1499	Adipor2	NA	-0.607173196130433
1500	Grk3	NA	-1.16475339485795
1501	Aebp1	NA	-6.72692350590834
1502	Aes	NA	0.826432631642641
1503	Aff4	NA	-0.876809252833353
1504	Agfg2	NA	0.770123585722012
1505	Ago1	NA	-0.668734283123437
1506	Ago2	NA	-0.886387830574593
1507	Ago3	NA	-1.26261580042207
1508	Aim2	NA	-0.839417198306302
1509	Ak1	NA	0.700794897068536
1510	Akap11	NA	-1.1320169640686
1511	Akap9	NA	-1.00713513698329
1512	Aldh1b1	NA	1.51080866440155
1513	Aldh4a1	NA	0.818553559667156
1514	Aldoa	NA	0.678331278385352
1515	Alg9	NA	0.689798562526702
1516	Alkbh1	NA	-0.965955222478613
1517	Alox5	NA	0.759499340551407
1518	Amfr	NA	0.615610379233739
1519	Amz1	NA	0.650227288889047
1520	Anapc15	NA	-0.821050624555107
1521	Ankhd1	NA	-0.963665431979596
1522	Ankrd13a	NA	0.664399279752417
1523	Ankrd17	NA	-0.706457505680621
1524	Ankrd23	NA	-2.65162485554179
1525	Ano6	NA	0.813005773899929
1526	Apold1	NA	-6.90208608516349
1527	Arap2	NA	-1.29623038187529
1528	Arfgef1	NA	-0.90483527631797
1529	Arglu1	NA	-0.917017125640075
1530	Arhgap1	NA	0.89337149102216
1531	Arhgap32	NA	-1.38255155845957
1532	Arhgap35	NA	-0.853799729001157
1533	Arhgap44	NA	-4.71508417611215
1534	Arhgap5	NA	-0.75378957988833
1535	Arhgef12	NA	-1.05936970028905
1536	Arhgef7	NA	-0.767539328971817
1537	Arhgef9	NA	-2.53391510008584
1538	Arid4a	NA	-0.809811683421049
1539	Arid4b	NA	-0.675797590653825
1540	Arid5b	NA	-0.689656756818099
1541	Asah2	NA	-1.93356082983814
1542	Ascc3	NA	-1.1559020656464
1543	Ash1l	NA	-1.32870009197368
1544	Aspm	NA	5.04269551978776
1545	Asxl2	NA	-0.660938917197118
1546	Atad2b	NA	-1.54615143326439
1547	Atf7	NA	-0.705557990634247
1548	Atg9a	NA	0.593422542461886
1549	Atm	NA	-1.57930877344593
1550	Atp10d	NA	-1.02550812119096
1551	Atp1a1	NA	0.689782799544862
1552	Atp5a1	NA	0.634807579473766
1553	Atp6ap1	NA	0.612554558347661
1554	Atxn1	NA	-1.67781783221853
1555	Atxn7	NA	-1.19152810764767
1556	B130006D01Rik	NA	-1.34503603571594
1557	B2m	NA	0.622098288919022
1558	B3gat2	NA	-4.35494132497687
1559	B430010I23Rik	NA	-1.16823086812516
1560	B4galnt2	NA	-3.89496163354349
1561	B4galt5	NA	-0.620712404400677
1562	B4galt7	NA	0.665152768041393
1563	B630019K06Rik	NA	4.86218442702706
1564	B930059L03Rik	NA	-1.58840018584964
1565	BC005561	NA	-1.04637865405163
1566	BC037704	NA	-1.19406311598301
1567	BC064078	NA	4.39545237836351
1568	BC065397	NA	-1.84164891196246
1569	Bace1	NA	-0.679047463031156
1570	Bag3	NA	0.999232662587333
1571	Baz1a	NA	-0.843513764323639
1572	Baz1b	NA	-0.796806156321432
1573	Bbx	NA	-0.752377945683195
1574	Bcl3	NA	1.72247110796833
1575	Bcl6b	NA	-1.85150807875714
1576	Bdp1	NA	-1.60394548716981
1577	Bfar	NA	-0.651791964185572
1578	Birc6	NA	-1.54942266772842
1579	Bmpr2	NA	-0.805059097668421
1580	Braf	NA	-0.656299463463644
1581	Brca2	NA	-1.15422704216422
1582	Brsk2	NA	-3.31858845158969
1583	Brwd1	NA	-0.802717963412356
1584	Brwd3	NA	-2.36193505920264
1585	Btbd7	NA	-0.714560058552858
1586	Btla	NA	-6.17255970090866
1587	Bub1	NA	6.61773686814915
1588	C030034I22Rik	NA	-1.86009499482034
1589	C1rl	NA	-0.637739892382715
1590	C430049B03Rik	NA	-1.78641493480345
1591	C5ar1	NA	0.874246045504387
1592	Cacna1s	NA	1.48757227306309
1593	Cacna2d3	NA	3.98275091614967
1594	Cadps2	NA	-2.67762300772611
1595	Calm3	NA	0.812064301040464
1596	Cant1	NA	0.697399724681433
1597	Capns2	NA	-3.84890503762995
1598	Car2	NA	4.69900349931723
1599	Carf	NA	-1.21377170967639
1600	Casp8ap2	NA	-1.70689295025566
1601	Catip	NA	-1.36573464055725
1602	Catsperg1	NA	-5.09778991624179
1603	Cav1	NA	2.4278404761201
1604	Cbl	NA	-0.766443003104537
1605	Cbr3	NA	0.599537616198313
1606	Ccdc134	NA	-0.745845563584509
1607	Ccdc15	NA	-2.12983808461739
1608	Ccdc152	NA	-3.39230231940614
1609	Ccdc155	NA	-3.96230453899558
1610	Ccdc171	NA	-1.22483712572867
1611	Ccdc50	NA	-0.746096430427569
1612	Ccdc58	NA	-0.789222816680671
1613	Ccdc62	NA	-0.988751147452853
1614	Ccdc66	NA	-1.24005434532264
1615	Ccdc73	NA	-2.0375582582962
1616	Ccdc82	NA	-0.908375962415856
1617	Ccdc88a	NA	-0.62097038268335
1618	Ccl9	NA	-0.677729888611099
1619	Ccnt2	NA	-0.636423164682482
1620	Ccr2	NA	1.5689379372397
1621	Cd151	NA	1.66552148441465
1622	Cd209a	NA	-4.90564681765999
1623	Cd81	NA	0.720459476949038
1624	Cd82	NA	0.596817018801036
1625	Cdc20	NA	1.78557931548635
1626	Cdc42bpa	NA	-1.07831634263395
1627	Cdc42ep4	NA	0.823715323796871
1628	Cdca7	NA	-0.61001850671228
1629	Cdca8	NA	2.00097719063195
1630	Cdh23	NA	1.33096669854622
1631	Cdk12	NA	-0.91300001324615
1632	Cdk13	NA	-0.839431237241315
1633	Cdk6	NA	-0.97319025142416
1634	Cdkn1a	NA	0.930322104141051
1635	Cdkn1b	NA	-1.59396191954234
1636	Cdkn3	NA	3.86927074576999
1637	Cdyl	NA	0.593494588495262
1638	Cenpc1	NA	-1.01520373726219
1639	Cep112	NA	-2.30700886061144
1640	Cep135	NA	-1.93140932672071
1641	Cep164	NA	-1.52029129822233
1642	Cep192	NA	-0.942298912448621
1643	Cep290	NA	-1.12451399800774
1644	Cep83	NA	-1.09346855899063
1645	Cep85l	NA	-1.27230624620391
1646	Cfl1	NA	0.669327607227049
1647	Cgref1	NA	-2.77818442462436
1648	Chchd7	NA	-0.589101077055832
1649	Chd2	NA	-0.87681507887386
1650	Chd3	NA	-1.76084156325454
1651	Chd6	NA	-1.46201087499065
1652	Chd8	NA	-1.1646900461571
1653	Cherp	NA	0.817050609836426
1654	Chrnb1	NA	-2.06046851325351
1655	Chst11	NA	-0.968696600224677
1656	Chst12	NA	0.753074711576768
1657	Chsy1	NA	0.592731105396069
1658	Chuk	NA	-0.831948365475388
1659	Cisd3	NA	0.86371861751045
1660	Clasp2	NA	-0.678199806198616
1661	Clic6	NA	20.778154199172
1662	Clmp	NA	-5.00517680377411
1663	Clock	NA	-0.8510958750022
1664	Clptm1	NA	0.747772891772743
1665	Cmas	NA	0.751689747134903
1666	Cmtm4	NA	-0.90177863848914
1667	Cmtr2	NA	0.678103126103946
1668	Cmya5	NA	-1.68206625330569
1669	Cnp	NA	0.797610678366099
1670	Cntln	NA	-2.09206788441923
1671	Col25a1	NA	-2.48932989373297
1672	Col5a1	NA	4.05363828543976
1673	Cox6a1	NA	0.667778425171176
1674	Cpeb4	NA	-0.912421288670112
1675	Cramp1l	NA	-1.07915038920739
1676	Creb3l1	NA	1.07132749031772
1677	Creb5	NA	-1.9316192694117
1678	Crebzf	NA	-1.09061217762375
1679	Csf2ra	NA	0.865581328283323
1680	Csmd3	NA	-1.19631083613966
1681	Cspp1	NA	-0.893235468304342
1682	Cstf2t	NA	0.636307232816719
1683	Cxcl12	NA	-5.96513497064472
1684	Cxcl17	NA	-1.96946344883251
1685	Cxx1c	NA	0.71625499559791
1686	Cxxc5	NA	0.847589766021622
1687	Cyfip2	NA	4.80711989592394
1688	Cyth3	NA	0.875165588078232
1689	D130020L05Rik	NA	-1.82620086499903
1690	D830031N03Rik	NA	-3.11018495731979
1691	D930016D06Rik	NA	-1.63894460527859
1692	Dag1	NA	0.668158751964886
1693	Dap	NA	0.835350606248736
1694	Dcaf17	NA	-0.69296374273587
1695	Dcaf7	NA	0.60304769461913
1696	Dcp2	NA	-1.08507651651206
1697	Ddhd2	NA	-0.743747686084626
1698	Ddi2	NA	-0.885487450551705
1699	Ddx23	NA	-2.69475781702783
1700	Ddx46	NA	-0.585475185422908
1701	Ddx60	NA	-1.1758068397705
1702	Dennd4a	NA	-0.909004344077898
1703	Dennd6b	NA	-1.94760769694188
1704	Deptor	NA	-0.705904606414804
1705	Dexi	NA	0.66254944649723
1706	Dgat1	NA	0.613366691519465
1707	Dhcr24	NA	5.19286212813196
1708	Dhx9	NA	-1.62053581880386
1709	Dicer1	NA	-1.37802438616874
1710	Dido1	NA	-1.31793693319748
1711	Dimt1	NA	-0.719610583933008
1712	Dlc1	NA	-1.57357532331618
1713	Dlgap5	NA	5.73557870112114
1714	Dmxl2	NA	-2.061785132662
1715	Dnah17	NA	-4.3185373398976
1716	Dnaja4	NA	0.855041193673035
1717	Dnajb13	NA	-3.13172522430028
1718	Dnase1l3	NA	4.53147359869132
1719	Dock7	NA	-0.855415403403144
1720	Dopey1	NA	-0.959714145962297
1721	Dpp7	NA	0.71686195104247
1722	Dsn1	NA	-1.35232359816863
1723	Dtwd2	NA	-0.974767941464381
1724	Dusp6	NA	0.630294224309091
1725	Dync1h1	NA	-0.939702705322249
1726	E030024N20Rik	NA	-2.22745679099964
1727	E130215H24Rik	NA	-1.15729133672961
1728	E330033B04Rik	NA	-0.95498536544063
1729	Edem2	NA	0.617165511901233
1730	Ednrb	NA	-2.01862297499358
1731	Eefsec	NA	0.902149724411301
1732	Efcab11	NA	-4.67371208611198
1733	Efcab2	NA	-1.11764348310139
1734	Egf	NA	-6.33249282377812
1735	Egfl8	NA	-3.61268456698767
1736	Eif2ak2	NA	-0.900340880641015
1737	Eif3a	NA	-0.606208209411531
1738	Eif3b	NA	0.640095380969843
1739	Elac1	NA	-0.720664207453955
1740	Elavl1	NA	0.727954583298333
1741	Elavl4	NA	-2.36640945679439
1742	Elk4	NA	-0.785073549417011
1743	Elmsan1	NA	-0.712095580692082
1744	Emc10	NA	0.690447095287169
1745	Emc4	NA	0.776094017540357
1746	Eno3	NA	0.753448819091477
1747	Ep300	NA	-0.760869039903877
1748	Ep400	NA	-0.700226863718282
1749	Epha2	NA	1.18398983837561
1750	Epm2aip1	NA	-1.11445941915553
1751	Epor	NA	-1.49194629888214
1752	Ercc5	NA	-0.752573219184891
1753	Ercc8	NA	-0.708585057738326
1754	Ero1lb	NA	0.675511474404645
1755	Esco1	NA	-1.04481949519188
1756	Espl1	NA	0.722431945368413
1757	Etohd2	NA	-1.90024276482864
1758	Zfp971	NA	-1.7924924060877
1759	Ets2	NA	0.6126345550222
1760	Ewsr1	NA	-0.747263959300695
1761	Eya4	NA	-0.989066983037443
1762	F630206G17Rik	NA	-5.80326731564121
1763	F8a	NA	0.691778674564597
1764	Fads3	NA	-1.78408815387398
1765	Fahd1	NA	-0.878220583724972
1766	Fam120aos	NA	-0.916750563412987
1767	Fam126b	NA	-0.720098599618202
1768	Fam13b	NA	-0.850857134412226
1769	Fam179b	NA	-0.614295684988117
1770	Fam196a	NA	-1.64800194516846
1771	Fam196b	NA	-2.80202067787844
1772	Fam208a	NA	-1.11142838207733
1773	Fam210a	NA	-0.879873248745207
1774	Fam35a	NA	-0.831842082577604
1775	Fam64a	NA	5.19115373086323
1776	Fam76b	NA	-0.707595034531324
1777	Fam92a	NA	-1.07748686056531
1778	Fan1	NA	-0.978814857882625
1779	Far2	NA	-4.52872492532506
1780	Fastkd3	NA	-0.735118613455463
1781	Fat3	NA	-2.92871616212676
1782	Fbxl18	NA	-1.62664758339978
1783	Fbxo11	NA	-0.903676716697766
1784	Fbxw8	NA	0.707720807998565
1785	Fdps	NA	0.716682081798051
1786	Fdxr	NA	0.828450037716838
1787	Fgd3	NA	-0.957278430532238
1788	Fgd4	NA	-0.976466538672698
1789	Fgfr1op	NA	-0.662023615507992
1790	Ficd	NA	0.787760005887382
1791	Fkbp9	NA	0.648305270668387
1792	Fmn1	NA	-1.50873604534735
1793	Fnbp1l	NA	-1.01699640624829
1794	Fndc7	NA	-4.4486447679223
1795	Fryl	NA	-0.914257635102508
1796	Furin	NA	0.785414242430425
1797	Fus	NA	-1.14655781732115
1798	Fxr1	NA	-0.713980808730252
1799	Gaa	NA	0.687155317604347
1800	Gab1	NA	0.804599806672031
1801	Gab2	NA	-0.952551673156227
1802	Gabarapl1	NA	0.627122615929725
1803	Gabpb2	NA	-1.72805359869621
1804	Gamt	NA	0.725372225442788
1805	Gas5	NA	-0.798911393285614
1806	Gata2	NA	5.18725791257786
1807	Gatad2a	NA	0.601119234036417
1808	Gatad2b	NA	-1.66674927357801
1809	Gbp5	NA	-1.43256648325013
1810	Gbp9	NA	-0.631277544258704
1811	Gem	NA	-1.4348607430438
1812	Ggnbp2os	NA	-0.877025105500166
1813	Ghr	NA	4.68501075606741
1814	Gja1	NA	6.67064991088453
1815	Gm10033	NA	-0.972829949323582
1816	Gm10578	NA	-5.06014442811638
1817	Gm10790	NA	-0.732043594931376
1818	Gm11423	NA	-2.13692663142778
1819	Gm11696	NA	-1.598834277402
1820	Gm12338	NA	-1.26792512238205
1821	Gm12504	NA	-2.21161931075876
1822	Gm12522	NA	-1.22844151057855
1823	Gm13710	NA	-3.30854097710665
1824	Gm14023	NA	-2.09910277494411
1825	Gm14325	NA	-0.999883753550778
1826	Zfp970	NA	-1.78420964076453
1827	Gm15612	NA	-5.77620864868527
1828	Gm15708	NA	-2.52101011916695
1829	Gm15850	NA	-2.05295447891851
1830	Gm16023	NA	-1.13624960378313
1831	Gm16617	NA	-1.3356635304339
1832	Gm17066	NA	-2.26173124521123
1833	Gm19522	NA	-4.56365147368707
1834	Gm1966	NA	-1.41566939667894
1835	Gm19689	NA	-3.46730803867261
1836	Gm20199	NA	-2.79087758181843
1837	Gm20300	NA	-0.830433386597122
1838	Gm31763	NA	-2.9856956994822
1839	Gm3414	NA	-1.62154987722272
1840	Gm6297	NA	-6.57685855474131
1841	Gm6525	NA	-5.61940639679385
1842	Gm6548	NA	-1.4447540972834
1843	Gmeb1	NA	-1.1946270099755
1844	Gns	NA	0.589425816293815
1845	Gon4l	NA	-1.28230458057416
1846	Got2	NA	0.794559176203759
1847	Gp1ba	NA	-3.36927779977557
1848	Gpc1	NA	6.80120250951174
1849	Gpd1	NA	1.10189364631851
1850	Gpm6a	NA	3.0381558581253
1851	Gpr19	NA	-1.90344139957731
1852	Gpr22	NA	-2.52424242274155
1853	Grk4	NA	-2.37279718812146
1854	Gspt2	NA	-5.63085522249404
1855	Gstk1	NA	1.23412667478926
1856	Gtf2a2	NA	-0.605322430569239
1857	Guca1b	NA	-6.59675862879708
1858	Gxylt1	NA	-0.795159820316923
1859	H1f0	NA	-0.594322342639235
1860	H2-DMb1	NA	0.80489134530592
1861	H2-K2	NA	-2.3744435156287
1862	H2afy3	NA	-4.39038152400505
1863	Hap1	NA	1.92921036377727
1864	Has3	NA	-6.24317492497505
1865	Hcar1	NA	6.12348128033739
1866	Hectd1	NA	-0.857364588959821
1867	Herc1	NA	-1.78254645954585
1868	Herc2	NA	-0.960851436213313
1869	Hes1	NA	1.14780290885919
1870	Hic2	NA	-1.52709378416326
1871	Hif1an	NA	-0.714960539975792
1872	Hist1h2bf	NA	-6.11834988283185
1873	Hist2h2bb	NA	-5.35828386507758
1874	Hist2h3b	NA	-4.70215370557443
1875	Hivep1	NA	-1.61648246294734
1876	Hmgxb4	NA	-0.687794023685503
1877	Hn1l	NA	0.598775883489851
1878	Hnrnpa0	NA	-0.848319130257358
1879	Hnrnpa3	NA	-0.77049629269154
1880	Homez	NA	0.750958065666211
1881	Hook3	NA	-0.79351992578745
1882	Hs6st1	NA	0.65541795240335
1883	Hsf2	NA	-1.29150003557392
1884	Htr2b	NA	-2.92787177928593
1885	Htt	NA	-1.95884838556613
1886	Hvcn1	NA	0.67914894293354
1887	Icam1	NA	0.585560386633167
1888	Ice1	NA	-0.768126368690991
1889	Ice2	NA	-1.07468871118033
1890	Igf1r	NA	-0.673798078718017
1891	Igf2bp3	NA	-2.02096977800239
1892	Igfbp2	NA	5.82083512221315
1893	Igip	NA	-2.64012985834234
1894	Igsf10	NA	-3.9217726801613
1895	Igsf8	NA	0.875020584978748
1896	Igtp	NA	0.636388892892472
1897	Ikzf2	NA	-0.949559442236313
1898	Il15ra	NA	-0.987611902443854
1899	Il17ra	NA	0.840935866264309
1900	Il4ra	NA	0.680780404035343
1901	Il7r	NA	-0.845057391921542
1902	Inpp4b	NA	-1.01039427656306
1903	Insr	NA	-1.56602408795923
1904	Ipo13	NA	0.675181673722645
1905	Irf7	NA	1.02738446441731
1906	Irs3	NA	1.70746846299574
1907	Israa	NA	-2.16419126751285
1908	Itgb2	NA	0.59421412147894
1909	Itgb3bp	NA	-0.936596338205228
1910	Itgb5	NA	0.635110105893605
1911	Itpr1	NA	-1.27907025442635
1912	Itsn2	NA	-0.907767576045674
1913	Iws1	NA	-0.895442269050897
1914	Jmy	NA	-0.781791560812893
1915	Jpx	NA	-1.69723912490894
1916	Jrkl	NA	-0.974636013169171
1917	Kansl1l	NA	-0.656250118135657
1918	Kat2b	NA	-1.13816549071734
1919	Kctd11	NA	-0.721557743808575
1920	Kctd12	NA	-0.713508769474824
1921	Kdm5d	NA	-1.11105934725059
1922	Khdrbs3	NA	0.863513227957583
1923	Kif11	NA	7.29673043429644
1924	Kif18b	NA	7.37295052495759
1925	Kif24	NA	-2.08515785058055
1926	Kif3b	NA	-1.00778088217269
1927	Kif5b	NA	-0.946788889659994
1928	Kif9	NA	-1.52072925866036
1929	Klf12	NA	-0.594808744092535
1930	Klf15	NA	1.52055937565259
1931	Klf2	NA	1.4073666763093
1932	Klf9	NA	1.7694444837477
1933	Klhl20	NA	-0.664908635330761
1934	Klrd1	NA	-1.31842585529885
1935	Ktn1	NA	-0.591801397640346
1936	Lamb2	NA	1.25912205335025
1937	Laptm5	NA	0.595288541618297
1938	Lats1	NA	-0.618529950629546
1939	Lcor	NA	-1.50797907307031
1940	Lgals4	NA	-4.59055162333456
1941	Lifr	NA	-0.809669272905416
1942	Lman2	NA	0.663944817970391
1943	Lmf2	NA	0.604254447443166
1944	Lmln	NA	-1.09245577684258
1945	Lnx2	NA	0.661421488567187
1946	Lpgat1	NA	-0.62781997531197
1947	Lrfn3	NA	1.27433334046631
1948	Lrp10	NA	0.63158480966335
1949	Lrrc29	NA	-2.82298349680847
1950	Lrrc47	NA	0.924367714412475
1951	Lrrcc1	NA	-1.11066108445197
1952	Lsm12	NA	-0.672430706707057
1953	Lsm14b	NA	-2.11340322658335
1954	Luc7l2	NA	-0.870873130248765
1955	Luc7l3	NA	-1.40119380503023
1956	Luzp1	NA	-0.731769745712586
1957	Ly6i	NA	2.85816518836233
1958	Lynx1	NA	6.34607776339848
1959	Lypla2	NA	0.605156170297398
1960	Lysmd2	NA	3.05425785119269
1961	Lyst	NA	-1.33080561652912
1962	Lyzl4	NA	-1.06053664184698
1963	Maf	NA	-0.75101198626548
1964	Magef1	NA	-1.2747219301269
1965	Mak16	NA	-0.607818309731433
1966	Malat1	NA	-1.72238542774023
1967	Man1c1	NA	0.699418945542917
1968	Man2b1	NA	0.735878621964304
1969	Manba	NA	0.58985366189797
1970	Mansc1	NA	1.56102621804381
1971	Map3k2	NA	-0.715805230964626
1972	Map3k8	NA	-1.78813775772624
1973	Map4k4	NA	-0.716732642048464
1974	Mapk6	NA	-0.740973872901897
1975	Mapk8	NA	-2.035828590949
1976	Mapkapk3	NA	0.86177485180886
1977	Marf1	NA	-1.85137082618419
1978	Mb21d1	NA	-0.699606056429095
1979	Mbd5	NA	-1.27659846519581
1980	Mboat7	NA	0.587528881520132
1981	Mbtd1	NA	-1.13898323767388
1982	Mdn1	NA	-2.52716420359335
1983	Med13	NA	-1.37815400006583
1984	Med13l	NA	-0.752189360024768
1985	Melk	NA	5.12373365223146
1986	Mettl4	NA	-0.823659841540136
1987	Mgat5	NA	-0.997374293555376
1988	Mgl2	NA	5.38181365420589
1989	Mical3	NA	-1.41155797814262
1990	Micu3	NA	-1.35407054034432
1991	Mier1	NA	-0.851773142280288
1992	Minpp1	NA	0.644982416898877
1993	Mipol1	NA	-1.13951246635628
1994	Mir6236	NA	-1.32698127573699
1995	Mir99ahg	NA	-1.49573277414749
1996	Mitf	NA	-0.742940056652472
1997	Mllt10	NA	-0.770314614270107
1998	Mlxip	NA	-0.659556148882053
1999	Mmp14	NA	0.808331818494534
2000	Mndal	NA	6.75915604057093
2001	Mob3a	NA	0.637215497435296
2002	Mon2	NA	-0.933272925669629
2003	Morf4l1-ps1	NA	-3.53601376872638
2004	Mpeg1	NA	1.17568433195514
2005	Msi2	NA	-0.851700526181158
2006	Mtmr7	NA	-5.0451218208574
2007	Mtss1	NA	-1.08658533195849
2008	Mum1	NA	0.742454348389965
2009	Mvp	NA	0.6837653274249
2010	Myc	NA	1.53376389355614
2011	Myo10	NA	2.17783834206189
2012	Myo5a	NA	-1.9423284803357
2013	Myo9a	NA	-1.70705132252553
2014	Myom1	NA	-1.36367773567232
2015	N4bp2	NA	-0.833577463614036
2016	Naip5	NA	-0.858393153827242
2017	Nans	NA	0.670534955731522
2018	Napb	NA	-1.35379856373587
2019	Nat1	NA	1.54951329919042
2020	Nav1	NA	-0.978200562167608
2021	Nav2	NA	-1.05719634733216
2022	Nav3	NA	-0.885190812858469
2023	Nbea	NA	-1.24516510379199
2024	Nbeal1	NA	-2.06431096620001
2025	Ncapd3	NA	-0.668116583445896
2026	Ncdn	NA	0.920418315233987
2027	Ncor1	NA	-0.720813092533923
2028	Ncstn	NA	0.592990009161199
2029	Nek2	NA	7.2510367899221
2030	Nemf	NA	-0.943964063167084
2031	Nf1	NA	-0.782675710794644
2032	Nfkbia	NA	0.821414290992821
2033	Nhlrc3	NA	0.760245912550973
2034	Nin	NA	-1.67787475113705
2035	Nlrp1b	NA	-1.17499959025434
2036	Nlrp1c-ps	NA	-4.25880080469661
2037	Nlrx1	NA	0.605048723560585
2038	Nol8	NA	-0.704478435019658
2039	Nop58	NA	-0.776141866174489
2040	Npff	NA	-5.85804566903027
2041	Nr1d1	NA	1.91496651657985
2042	Nr2c2	NA	-0.827574111875629
2043	Nradd	NA	0.721646953353689
2044	Nrg4	NA	-6.20109262216653
2045	Nron	NA	-2.37186608071857
2046	Nuak2	NA	0.599208110557152
2047	Nufip2	NA	-0.709249244090587
2048	Nup210l	NA	-2.22988881814582
2049	Odf2l	NA	-1.9507811725289
2050	Oip5	NA	-5.06461074752155
2051	Olfm1	NA	4.39405774919335
2052	Omg	NA	-5.54223864263313
2053	Orai1	NA	0.65454682581777
2054	Osbp	NA	0.6492158110129
2055	Osbpl8	NA	-0.629738505784558
2056	Pabpn1	NA	-0.763131491686924
2057	Pacs1	NA	0.896011584060951
2058	Pacsin1	NA	-1.59126819426098
2059	Paqr8	NA	1.67730352113124
2060	Parp4	NA	-0.893976819789378
2061	Paxbp1	NA	-1.60776625210369
2062	Pbk	NA	3.27005302311701
2063	Pbx2	NA	-0.605771575251855
2064	Pcdhga9	NA	-4.98682366618451
2065	Pcm1	NA	-1.40980295004696
2066	Pcmtd1	NA	-0.807138761100037
2067	Pcx	NA	0.99033893561955
2068	Pds5a	NA	-0.666087699210701
2069	Peak1	NA	-1.33632609314912
2070	Perm1	NA	-6.11896106240016
2071	Pex13	NA	0.593580102272946
2072	Pfkl	NA	0.750504074010713
2073	Pgpep1	NA	0.585796876053617
2074	Phc3	NA	-1.24186978261011
2075	Phf14	NA	-1.02334655580837
2076	Phf20l1	NA	-0.747085305687075
2077	Phf3	NA	-0.884880182667153
2078	Phf7	NA	-0.662229957389102
2079	Phip	NA	-0.704608728659933
2080	Phldb3	NA	-2.85808632361505
2081	Phlpp2	NA	-2.44842384255302
2082	Phospho1	NA	-2.1884027378506
2083	Phxr4	NA	-3.21503170661681
2084	Pibf1	NA	-0.745091595288321
2085	Pigs	NA	0.588570312194346
2086	Pik3c2a	NA	-0.875030683463483
2087	Pikfyve	NA	-0.799853808647472
2088	Pim1	NA	2.12378430355509
2089	Pkm	NA	0.661708930153313
2090	Pknox1	NA	-0.667347735924563
2091	Pla2g16	NA	0.617637281091077
2092	Plag1	NA	-5.12353490432114
2093	Plcb4	NA	-3.47910063476541
2094	Pld3	NA	0.589066417776751
2095	Plekhn1	NA	-3.05449772401995
2096	Plk2	NA	2.29447861470439
2097	Plk3	NA	0.820921962672884
2098	Pln	NA	-1.42034524553686
2099	Pmepa1	NA	0.824799830907486
2100	Pnpla2	NA	0.596250605570418
2101	Pold1	NA	0.740803063585554
2102	Pold2	NA	0.625987851424752
2103	Pomgnt2	NA	1.21454768043541
2104	Pot1b	NA	-1.17663542323261
2105	Pou5f2	NA	-2.02731193070143
2106	Ppp1r12a	NA	-0.724667576500921
2107	Ppp1r3fos	NA	-4.08611479440502
2108	Ppp1r9a	NA	-1.33483269994543
2109	Ppp4r1l-ps	NA	-1.89511746904145
2110	Pqlc2	NA	0.628529166449259
2111	Prdm5	NA	-4.37990298282809
2112	Primpol	NA	-0.729311219185608
2113	Prkaca	NA	0.69868694541991
2114	Prkdc	NA	-1.23307589634035
2115	Proser2	NA	5.35875777904434
2116	Prpf39	NA	-1.23949831457163
2117	Prps1l1	NA	-3.49483986053712
2118	Prr14l	NA	-1.20868128579609
2119	Prrg4	NA	-3.7758999397744
2120	Ptgds	NA	3.29167925898582
2121	Pum2	NA	-0.990333686143625
2122	Purb	NA	-0.981450794846633
2123	Pwwp2a	NA	-0.652287406554564
2124	Pxn	NA	0.598122102315705
2125	Pygl	NA	-1.42709041809386
2126	Qser1	NA	-0.965009039463999
2127	Rab11fip2	NA	-1.17666165481642
2128	Rabggtb	NA	-0.920248783102802
2129	Rad9b	NA	-1.72503644456889
2130	Rai1	NA	-0.988840332187346
2131	Ralgapa1	NA	-0.86571150644168
2132	Ranbp2	NA	-1.29293277549875
2133	Rapgef6	NA	-0.714089387351596
2134	Rarg	NA	2.0379141029654
2135	Rasl2-9	NA	-1.32318381377182
2136	Rbm14	NA	0.922882808939805
2137	Rbm25	NA	-1.15605220835891
2138	Rbm26	NA	-0.710504245178741
2139	Rbm42	NA	0.613247503709591
2140	Rbm45	NA	-1.70967267056584
2141	Rc3h1	NA	-0.679099244489086
2142	Rc3h2	NA	-1.07280260191401
2143	Rel	NA	-0.61069509017537
2144	Reps2	NA	-5.31377931470106
2145	Rev3l	NA	-2.24613232956939
2146	Rgp1	NA	-1.32792600401998
2147	Rgs12	NA	-1.43213234995023
2148	Rgs18	NA	6.25670552840957
2149	Rgs4	NA	5.62875559769256
2150	Rif1	NA	-0.745376328577672
2151	Rin3	NA	0.681870674199077
2152	Rint1	NA	-0.70869678144425
2153	Rlf	NA	-0.799225204706572
2154	Rn45s	NA	-1.71207551474269
2155	Rnf10	NA	0.674544338503497
2156	Rnf150	NA	-1.10820666143664
2157	Rnf214	NA	-0.882000827239186
2158	Rnf26	NA	0.654323262479622
2159	Rock2	NA	-0.634038394018096
2160	Rpa1	NA	0.623810548728051
2161	Rpgrip1	NA	-2.54859462730914
2162	Rpl12	NA	-1.94546174474187
2163	Rpl5	NA	-1.2773202789732
2164	Rps6kb1	NA	-0.652443050287
2165	Rrm1	NA	0.714598216765755
2166	Rsrp1	NA	-1.23426295750374
2167	Rtn1	NA	0.696529100419904
2168	Rxra	NA	0.631310701438894
2169	S1pr4	NA	-2.50694596642999
2170	Sbno1	NA	-0.748894006926178
2171	Scai	NA	-1.42090293988978
2172	Scamp4	NA	0.733199072573089
2173	Scaper	NA	-0.96685543821738
2174	Sclt1	NA	-1.20650972985156
2175	Scn1b	NA	0.723968653688416
2176	Scube1	NA	1.50430079086108
2177	Sdad1	NA	-0.672191197326059
2178	Sdc4	NA	-0.710708260297762
2179	Sec31a	NA	0.687476222203151
2180	Sec61a1	NA	0.593492190123542
2181	Sec61a2	NA	-0.817303063541454
2182	Selplg	NA	0.599885475843862
2183	Sema4a	NA	1.22200907528559
2184	Sema4d	NA	0.589200456301616
2185	Sema4g	NA	-1.28484573893627
2186	Sema6d	NA	-1.1302304481094
2187	Serpine1	NA	1.77986197757868
2188	Setd1b	NA	-1.22540861286721
2189	Setd2	NA	-1.25291424467015
2190	Sez6l	NA	-4.78413826518876
2191	Sf3a2	NA	0.832163201728093
2192	Sf3b4	NA	0.86198764297799
2193	Sgta	NA	0.636562868732896
2194	Shcbp1l	NA	-5.84494568551727
2195	Sil1	NA	0.626718856546177
2196	Sipa1l1	NA	-0.709545910401844
2197	Slc12a4	NA	0.592490545373691
2198	Slc12a7	NA	1.00868689273282
2199	Slc12a9	NA	0.658591176058894
2200	Slc16a1	NA	0.821146512805121
2201	Slc16a10	NA	-0.967599028050676
2202	Slc19a1	NA	0.589867292686772
2203	Slc20a1	NA	-0.887564362600016
2204	Slc25a1	NA	0.61133357113953
2205	Slc2a4rg-ps	NA	-2.57324934932446
2206	Slc2a5	NA	1.00469103820024
2207	Slc35e1	NA	0.702728492148358
2208	Slc35e2	NA	-0.939406542593159
2209	Slc35f6	NA	0.631974483448848
2210	Slc38a7	NA	0.743755437433132
2211	Slc39a12	NA	0.663047688678929
2212	Slc39a3	NA	0.647162621884315
2213	Slc3a2	NA	0.734232927504247
2214	Slc45a4	NA	0.693451334929285
2215	Slc4a2	NA	0.645931321246432
2216	Slc5a3	NA	-1.05960388309626
2217	Slc7a11	NA	2.57104768757871
2218	Slc7a4	NA	3.18160755646872
2219	Slc8a1	NA	-0.99920038299217
2220	Slc8b1	NA	0.697493907393631
2221	Slc9a1	NA	0.72547073233988
2222	Slco4a1	NA	0.928885139073779
2223	Slfn8	NA	-0.599998336563832
2224	Sltm	NA	-0.898675756315476
2225	Slx1b	NA	-0.696734814429857
2226	Smad5	NA	-0.860566957758787
2227	Smc5	NA	-0.90899685561125
2228	Smco1	NA	-5.61784390769892
2229	Smg6	NA	-0.66723609946676
2230	Smim10l2a	NA	-1.35830760558794
2231	Smim22	NA	-3.16462975764592
2232	Smpd1	NA	0.760122783802881
2233	Snhg3	NA	-1.11139832557896
2234	Snora28	NA	-1.83074370145344
2235	Snora43	NA	-3.82106146201506
2236	Snora65	NA	-4.51658273300176
2237	Snora81	NA	-5.06927717722495
2238	Snord100	NA	-2.91578746831721
2239	Snord17	NA	-3.70693995953607
2240	Snord22	NA	-4.38339006336638
2241	Snord47	NA	-6.11964687735943
2242	Snord65	NA	-3.33421953119787
2243	Snord96a	NA	-2.5617428229464
2244	Snx29	NA	-1.27007471088469
2245	Snx30	NA	-0.652413409439453
2246	Socs7	NA	-1.07348731747382
2247	Spata1	NA	-1.2356954123032
2248	Spata2l	NA	1.04107984381321
2249	Spon1	NA	-2.12319591204348
2250	Spryd3	NA	0.642179599816218
2251	Spsb1	NA	0.637092853934097
2252	Sqstm1	NA	0.674818842366537
2253	Srebf1	NA	0.703652886152819
2254	Srek1	NA	-0.814893933538297
2255	Srrm1	NA	-0.585580201846568
2256	Srrm2	NA	-0.881237424228258
2257	Stat3	NA	0.592811528001591
2258	Stmn3	NA	5.71367606314521
2259	Styx	NA	-1.70522889897039
2260	Suco	NA	-0.603222261928356
2261	Sugp2	NA	-1.10747031712533
2262	Supt16	NA	-1.242631376449
2263	Supt5	NA	0.638358448611115
2264	Surf4	NA	0.59656773278393
2265	Sv2a	NA	0.731788987554318
2266	Syvn1	NA	0.63523030068077
2267	Szt2	NA	-1.69884442336667
2268	Taf15	NA	-2.76447012666943
2269	Taf1d	NA	-1.33345209124358
2270	Taf5	NA	-0.770194441121916
2271	Tanc2	NA	-0.725737469783384
2272	Taok1	NA	-1.18872991202043
2273	Tapbp	NA	0.689185790024677
2274	Tbc1d25	NA	0.919584325665449
2275	Tbc1d4	NA	-0.759519344819411
2276	Tbce	NA	-0.662809892774173
2277	Tbrg1	NA	0.724108348290947
2278	Tbrg3	NA	-2.78005995745497
2279	Tex261	NA	0.644459746288818
2280	Tex264	NA	0.593735084842118
2281	Tgds	NA	-0.665344332554699
2282	Tgfbi	NA	0.622694454680992
2283	Tgm2	NA	1.01548011280025
2284	Thoc2	NA	-0.895555113063966
2285	Tia1	NA	-1.09606357772899
2286	Tiam1	NA	-2.60216066562321
2287	Timm9	NA	-0.769288881375322
2288	Timp2	NA	0.663729059418736
2289	Tjp2	NA	0.679830611277322
2290	Tle1	NA	0.963085924279594
2291	Tmem106a	NA	0.722035618945545
2292	Tmem119	NA	0.773545151832171
2293	Tmem177	NA	0.618539758292648
2294	Tmem221	NA	0.74958628484338
2295	Tmem248	NA	0.59898965801192
2296	Tmem69	NA	-0.699860281327213
2297	Tmem79	NA	1.47955247812704
2298	Tmem87a	NA	-1.02817555572755
2299	Tmsb10	NA	1.65579528527196
2300	Tmsb15b1	NA	1.49639831784474
2301	Tomm6	NA	0.790728824501573
2302	Tomt	NA	-1.36522803776571
2303	Top2a	NA	4.01396114763124
2304	Tpi1	NA	0.610192061150772
2305	Tpr	NA	-0.630121844405895
2306	Tprn	NA	1.16012891249477
2307	Trak2	NA	-1.26106679403055
2308	Trappc9	NA	0.595601456489879
2309	Trim14	NA	0.60737976472968
2310	Trim33	NA	-0.715701237833505
2311	Trim41	NA	-1.18083160803889
2312	Trim67	NA	-4.64118089980139
2313	Trmt13	NA	-1.23066101703724
2314	Trp53i11	NA	0.848081190628321
2315	Trpm7	NA	-1.05646968675514
2316	Trpv4	NA	1.52434204191812
2317	Tsacc	NA	-0.929757223155118
2318	Tsc1	NA	-1.15390467551801
2319	Ttc14	NA	-1.16538060629781
2320	Ttc3	NA	-0.68297454227779
2321	Ttc41	NA	-3.63398006663555
2322	Ttll5	NA	-1.52719676384011
2323	Tuba1a	NA	0.603963020325496
2324	Tulp4	NA	-1.17777087353077
2325	Txndc5	NA	0.617385033675828
2326	Uap1l1	NA	0.618652811899618
2327	Ube2c	NA	7.31370019773075
2328	Ubr1	NA	-0.901609213261869
2329	Ubr5	NA	-1.08648286722689
2330	Uchl4	NA	-2.17595408896403
2331	Ugt1a2	NA	-5.67380599147849
2332	Unc119b	NA	0.925364010893455
2333	Unc5a	NA	2.1088324374296
2334	Upf2	NA	-0.859446217505427
2335	Urb1	NA	-0.872734728485239
2336	Uros	NA	-0.796091079453369
2337	Usp24	NA	-0.63410460608355
2338	Usp32	NA	-0.825353043991993
2339	Usp34	NA	-2.04190850861888
2340	Usp49	NA	-1.77642558780819
2341	Utrn	NA	-1.79251264115996
2342	Uvssa	NA	-1.69516572652067
2343	Vangl1	NA	1.28131482124131
2344	Vash1	NA	-1.02672701073947
2345	Vim	NA	1.41189440294689
2346	Vps13a	NA	-1.22161562804038
2347	Vps13b	NA	-0.695234304612351
2348	Vps13c	NA	-2.00112968028409
2349	Vps13d	NA	-1.43473913558903
2350	Wbp11	NA	0.613531566971281
2351	Wbp2	NA	0.652936347282131
2352	Wdr5b	NA	-0.863892161367197
2353	Wdr60	NA	-1.30735236652991
2354	Wipf2	NA	-0.747376483190638
2355	Wipi1	NA	-0.912336019580242
2356	Wnt2b	NA	-3.43517533937287
2357	Wsb1	NA	-0.786820867455928
2358	Xbp1	NA	0.663632994028911
2359	Xpr1	NA	-1.23105474070841
2360	Xrcc5	NA	0.67348523230179
2361	Xylb	NA	0.949842222815007
2362	Yipf3	NA	0.652047886155277
2363	Ylpm1	NA	-0.693255292475304
2364	Ythdc1	NA	-0.758261245012873
2365	Zbed4	NA	-1.35072964713383
2366	Zbed6	NA	-2.30884417913313
2367	Zbtb34	NA	-0.752131100476592
2368	Zbtb38	NA	-1.06136152283171
2369	Zbtb4	NA	-0.782063294290549
2370	Zbtb41	NA	-0.910096199265269
2371	Zc3h4	NA	-0.766617875584884
2372	Zcchc6	NA	-0.724410949983074
2373	Zdhhc3	NA	0.689180816288097
2374	Zeb1	NA	-1.39575423819314
2375	Zeb2os	NA	-0.799741765528963
2376	Zfc3h1	NA	-1.52683233937487
2377	Zfp120	NA	-0.713144141206467
2378	Zfp131	NA	-0.745735899998708
2379	Zfp157	NA	-0.652091795278178
2380	Zfp182	NA	-0.961155633838693
2381	Zfp184	NA	-1.73442687387993
2382	Zfp26	NA	-0.898452495390011
2383	Zfp280c	NA	-1.2311783510427
2384	Zfp292	NA	-0.914477309030561
2385	Zfp326	NA	-1.10153560502068
2386	Zfp329	NA	-0.959810083255305
2387	Zfp386	NA	-0.687324008900219
2388	Zfp397	NA	-0.72167738924033
2389	Zfp407	NA	-1.43948874178091
2390	Zfp445	NA	-1.12825478136426
2391	Zfp51	NA	-0.942337731960309
2392	Zfp52	NA	-0.666586593347375
2393	Zfp605	NA	-1.26900020537256
2394	Zfp606	NA	-0.742171003712589
2395	Zfp626	NA	-1.25033271309825
2396	Zfp638	NA	-0.801429028169897
2397	Zfp65	NA	-0.893009868126163
2398	Zfp69	NA	-0.858791598410909
2399	Zfp729a	NA	-1.20474301051807
2400	Zfp809	NA	-0.910991132444047
2401	Zfp827	NA	-1.7669636362985
2402	Zfp871	NA	-0.618682511364719
2403	Zfp882	NA	-1.3067933631014
2404	Zfp91	NA	-0.717185915785414
2405	Zfp934	NA	-1.58310583374254
2406	Zfp945	NA	-0.857805576984041
2407	Zfp950	NA	-1.35082591099618
2408	Zfp952	NA	-0.798389192062958
2409	Zfp961	NA	-0.689405173461106
2410	Zfyve16	NA	-0.854397648199667
2411	Zmym5	NA	-0.585430719059982
2412	Zrsr2	NA	-1.18767025489382
2413	Zswim1	NA	0.816331775359389
2414	Zswim6	NA	-0.67156107643066
2415	Zswim8	NA	-0.904394722722757
2416	Zufsp	NA	-1.01970876213916
2417	Zzef1	NA	-1.30368487018939
