genes	GF vs SPF (Young)	GF vs SPF (Old)
1	Lrmda	-3.53225205836147	-4.01467512380245
2	Adora3	-0.569479601105067	-0.390432445209541
3	Ahsa1	-0.650757894335368	0.402570913577691
4	Ak1	-0.793105745209251	NA
5	Aldh1a3	-5.73422605911387	-5.67088636565196
6	Arl2bp	0.783183912669504	NA
7	Atp2a3	1.68846813585822	NA
8	B3galnt1	0.749497201970126	NA
9	B4galnt1	0.796070160998812	0.634880038342041
10	Bri3bp	0.685998745513859	NA
11	Capg	0.860105269409639	NA
12	Cd44	3.79146992060184	NA
13	Clic6	-21.0953953713945	NA
14	Ctse	5.46497440950847	2.32564348830436
15	Cybb	2.39587742558015	NA
16	Cyp4f13	0.503851445829653	0.488946658778084
17	Cyp4f16	1.07630635482366	0.795709542782104
18	Cyp4f18	3.02488002892322	NA
19	Dnaja4	-0.763293972611013	0.407383983833448
20	Eml2	4.38014089767239	NA
21	Ephx1	0.827294183605575	NA
22	Ero1lb	-1.71574891436964	-1.22769209405455
23	Fam110a	-0.699796555913121	NA
24	Fcrls	-0.714041599768393	-0.427599522123306
25	G530011O06Rik	-2.79068547961638	-1.71415948879679
26	Gal3st4	-0.523376780874831	NA
27	Galnt6	1.84834928952687	NA
28	Gcnt2	1.3509885687597	NA
29	Glb1l2	7.10547373514	NA
30	Gpr137b	1.29678894696873	1.02350676011404
31	Gpr137b-ps	-3.16489516517753	-3.14964316220051
32	Gpr65	1.30022957671179	NA
33	Gstm1	1.20274938594429	0.935150892341335
34	Gsto1	0.846460865212654	NA
35	Hsp90ab1	-0.993243615416314	0.473055027403184
36	Hspa8	-0.948266168626826	0.470375212004908
37	Htra3	0.97390640563361	0.744366050365363
38	Icam2	2.0749610338452	NA
39	Kcnma1	-1.01080318516453	-0.800763756740065
40	Mcur1	-1.00632337801651	-1.00314506278451
41	Mtfp1	0.857688922612397	0.731729961317001
42	Nceh1	0.796686633021882	NA
43	Nnt	0.98294509502048	1.50043471351219
44	Nr1d2	-1.27435733709542	-0.785986836719495
45	Nrbf2	-0.653799413107892	NA
46	Nt5c	0.765322649690071	0.743981059996086
47	P4ha1	-1.01030010265511	NA
48	Pdia3	-0.456003326694453	NA
49	Pdia6	-0.558264587770436	NA
50	Perp	1.28144175329702	NA
51	Pik3ip1	1.69692162634161	1.2551337451779
52	Plcd3	8.86383765327602	5.45235174914369
53	Plcl2	-0.444232700923357	NA
54	Pstpip1	2.26768864926711	NA
55	Rab4a	1.39951906750827	1.47816001621856
56	Rell1	-1.21292145511699	-1.54337104264281
57	Scimp	1.66010445546965	NA
58	Sdc3	-1.00231012605015	-0.755702854164007
59	Sdf2l1	-0.643045557683305	NA
60	Sept6	1.01507670974746	NA
61	Sqor	-0.521341425318351	NA
62	Srgn	0.777132827958834	NA
63	Stip1	-1.0548139483314	0.569818948781636
64	Sult1a1	1.00768014634981	1.69213957488612
65	Tmed1	0.902957494547913	0.418939261520962
66	Tmem154	1.66189148680456	NA
67	Tnfsf13b	0.831630300919406	NA
68	Top2a	-3.87770322534714	NA
69	Tspan33	0.55654799028964	0.745035278092544
70	Tuba4a	1.16307905112715	0.69767982831002
71	Ube2c	-5.70506075721754	NA
72	Upk1b	-0.613413118664971	NA
73	Wdfy1	2.47552168882415	3.3517662825196
74	Dele1	NA	0.535077026470482
75	0610030E20Rik	NA	-0.740228653596718
76	0610040B10Rik	NA	-2.1983470146045
77	1110006O24Rik	NA	-1.42823373390244
78	Card19	NA	0.39017763269403
79	1110038F14Rik	NA	0.507038876567006
80	1700001C19Rik	NA	-0.862750063828789
81	1700008J07Rik	NA	-1.46931057805621
82	Ccdc192	NA	-0.831750516694448
83	1700012D14Rik	NA	-1.35131616067865
84	1700017B05Rik	NA	0.406900635206321
85	1700029J07Rik	NA	-2.47170144473273
86	1700034I23Rik	NA	-4.39851274957702
87	Zfp974	NA	-0.955949836187597
88	1700066B19Rik	NA	-1.63906798251553
89	1700109H08Rik	NA	-2.10376498971029
90	1700110C19Rik	NA	-1.6683207451453
91	1810013L24Rik	NA	-0.515879045096839
92	1810037I17Rik	NA	-0.484367262304796
93	2010016I18Rik	NA	-2.19975018333277
94	Fam241b	NA	1.04089134793782
95	2210408I21Rik	NA	-0.848580392232337
96	2310001H17Rik	NA	-1.59978297906349
97	2310011J03Rik	NA	0.390155558116674
98	Trir	NA	0.366287551977651
99	Borcs6	NA	0.5522541728089
100	2410021H03Rik	NA	-4.70063352572159
101	2610005L07Rik	NA	-0.579060092534096
102	2610008E11Rik	NA	-0.722511589422351
103	Ccdc191	NA	-0.643743771826584
104	Hpf1	NA	-0.572946522670771
105	2700038G22Rik	NA	-2.58978413890844
106	2810013P06Rik	NA	-0.612910176937051
107	Pclaf	NA	-2.10052612686508
108	2810454H06Rik	NA	-1.82281538956444
109	Resf1	NA	-0.497840026511377
110	2900005J15Rik	NA	-1.14300566338857
111	2900097C17Rik	NA	-0.67977714707355
112	3000002C10Rik	NA	-2.06774829629716
113	Rmc1	NA	0.423744045525756
114	3110056K07Rik	NA	-0.816038887480481
115	3830406C13Rik	NA	-0.468660485706311
116	4632415L05Rik	NA	-0.76023232402565
117	4632427E13Rik	NA	-1.1877095480003
118	4632428C04Rik	NA	-3.12663170934248
119	Vsir	NA	0.33207773267243
120	4831440E17Rik	NA	-2.22830738695525
121	4921511C10Rik	NA	-1.8791316991967
122	4921531C22Rik	NA	-0.725529773729363
123	4930412C18Rik	NA	-5.97124683459382
124	4930451G09Rik	NA	-2.12531255814197
125	4930502E18Rik	NA	-5.26081567288168
126	4930506C21Rik	NA	-2.45408905764739
127	4930507D05Rik	NA	-4.04462695275402
128	4930563E22Rik	NA	-2.40717129094999
129	4930579G18Rik	NA	-2.1442880494057
130	4930594C11Rik	NA	-2.16430487149953
131	4930595D18Rik	NA	-2.38946237007415
132	4930599N23Rik	NA	-1.65266944302352
133	4931402G19Rik	NA	-1.23928149065704
134	4931406H21Rik	NA	-1.04240690006561
135	4931431C16Rik	NA	-0.556945074814588
136	4932438A13Rik	NA	-1.20570187944809
137	4933431G14Rik	NA	-2.82147024393577
138	5430405H02Rik	NA	-0.828445798122025
139	5930430L01Rik	NA	-2.46322446682384
140	6230400D17Rik	NA	-1.6397035960744
141	6330407A03Rik	NA	-2.19813007854896
142	6330409D20Rik	NA	-3.80272912320886
143	8030423J24Rik	NA	-1.71993123068355
144	Depp1	NA	-2.20315816809724
145	Vps35l	NA	0.348154100689472
146	9130023H24Rik	NA	-0.744734222567801
147	9330136K24Rik	NA	-2.00856608335652
148	9330151L19Rik	NA	-1.88243474626529
149	9330175E14Rik	NA	-2.17509953509256
150	9530062K07Rik	NA	-1.15089686989133
151	9930021J03Rik	NA	-0.549989523330024
152	A130010J15Rik	NA	-0.510086121448012
153	A430035B10Rik	NA	-1.51795932379011
154	A430093F15Rik	NA	-4.56379022908314
155	Ccdc9b	NA	3.69616633737669
156	A530088E08Rik	NA	-1.31634136496521
157	P2ry10b	NA	-0.664708609280349
158	A630066F11Rik	NA	-1.16519224382209
159	A630072M18Rik	NA	-1.21321640991173
160	Bclaf3	NA	-0.90732136074445
161	A830082N09Rik	NA	-6.80103483545108
162	AI504432	NA	-1.54714466264701
163	Spindoc	NA	0.738806662032534
164	AW549877	NA	-0.743967959348616
165	Aak1	NA	-0.577155798622323
166	Aars2	NA	0.823509165663702
167	Aasdh	NA	-1.00215203839473
168	Abca1	NA	-0.498192960080151
169	Abca4	NA	-5.1932432544187
170	Abcd1	NA	0.381016930485806
171	Abcd4	NA	0.551627120091756
172	Abcf1	NA	0.643868134386467
173	Abcf2	NA	0.415525276016092
174	Abcf3	NA	0.363447272931868
175	Abcg3	NA	0.679054567610097
176	Abhd13	NA	-0.548623842467937
177	Abhd14b	NA	0.844994091207175
178	Abhd15	NA	0.547874860612243
179	Abhd4	NA	0.293876026405295
180	Abi3	NA	0.606540514112435
181	Abtb1	NA	0.573936375541543
182	Acaa1a	NA	0.518891129632203
183	Acaa2	NA	0.619396611907045
184	Acaca	NA	-0.972863342385715
185	Acadm	NA	0.365058164213546
186	Acadvl	NA	0.586378053928718
187	Acap2	NA	-0.503904705485583
188	Acbd4	NA	0.793070869089919
189	Acd	NA	0.593119685258901
190	Acer3	NA	-0.601048796511414
191	Aco2	NA	0.431887574053148
192	Acot7	NA	0.71293790733405
193	Acot8	NA	0.505167059651745
194	Acsf2	NA	0.791833261213075
195	Acsl1	NA	0.455125970485944
196	Actb	NA	0.599857371638448
197	Actg1	NA	-0.48107853939241
198	Actn4	NA	0.681068595922128
199	Actr1a	NA	0.295289371852301
200	Actr1b	NA	0.369971693545682
201	Actr2	NA	-0.441089495149052
202	Actr3	NA	-0.241308993620605
203	Acy1	NA	0.570798822393741
204	Adam1a	NA	-3.77451645824129
205	Adam9	NA	-0.307884861553851
206	Adamts16	NA	-1.42237890201058
207	Coq8a	NA	0.716946130559662
208	Adck5	NA	0.863022470490034
209	Adcy3	NA	-0.980462525705422
210	Adcy8	NA	-0.917027375667215
211	Adcy9	NA	-0.439804927640573
212	Adgrg3	NA	-6.37258958555176
213	Adh5	NA	0.255759838120008
214	Adhfe1	NA	-0.875614029699039
215	Ado	NA	-0.582059952997207
216	Adprh	NA	0.263183743939242
217	Adrb1	NA	0.688920911593909
218	Adrb2	NA	-0.358614975761337
219	Grk2	NA	0.472040701334367
220	Grk3	NA	-1.19895376802746
221	Adrm1	NA	0.419971100355603
222	Adsl	NA	0.433354247575772
223	Afap1l1	NA	0.741649302121774
224	Aff4	NA	-0.708013445425065
225	Agap3	NA	0.826562006092299
226	Agbl3	NA	-0.627899821051855
227	Agl	NA	-0.695223407167522
228	Ago3	NA	-1.05007005177693
229	Agpat2	NA	0.31905627859309
230	Agps	NA	-0.657693658129838
231	Aim2	NA	-0.487838378258508
232	Akap11	NA	-0.935962908622563
233	Akap9	NA	-0.441884200975028
234	Akr1b10	NA	0.42153746264146
235	Akr1e1	NA	-0.587104420190533
236	Akr7a5	NA	0.509703569442919
237	Akt1	NA	0.482111343435624
238	Aldh3b1	NA	0.459912339104489
239	Aldh4a1	NA	0.451527203212993
240	Aldh7a1	NA	0.379741012368544
241	Aldoa	NA	0.473982721829273
242	Alg8	NA	-0.409383673608092
243	Alkbh8	NA	-0.454497062828276
244	Alox5	NA	0.980566603113639
245	Ammecr1	NA	-1.2060136138322
246	Ammecr1l	NA	-0.451699337801312
247	Ampd3	NA	0.433110801175262
248	Anapc10	NA	-0.501925046662552
249	Anapc15	NA	-0.67159180799776
250	Anapc16	NA	0.893089813954667
251	Ang	NA	0.589822873981157
252	Angptl1	NA	-1.95433064007735
253	Ank	NA	-0.440770643665068
254	Ankhd1	NA	-0.672664705091995
255	Ankra2	NA	0.461111524827248
256	Ankrd27	NA	0.381771535874036
257	Ankrd37	NA	-1.66061724062718
258	Ankrd44	NA	-0.325214081145057
259	Anp32e	NA	-0.465397504779022
260	Anxa1	NA	-6.17469327592059
261	Anxa5	NA	0.376973676434452
262	Ap1b1	NA	0.490370075754226
263	Ap1m1	NA	0.359589227833605
264	Ap2m1	NA	0.313081235237467
265	Ap2s1	NA	0.313935615315329
266	Ap3m1	NA	-0.353033038356707
267	Ap5s1	NA	0.498838097317876
268	Apaf1	NA	-0.604622744266808
269	Apbb1	NA	0.688998333752143
270	Apbb1ip	NA	-0.412497772154137
271	Apbb3	NA	0.827409972610201
272	Apln	NA	-3.30647111151027
273	Apobec1	NA	0.499971851306448
274	Apold1	NA	-5.11171290747289
275	Arap2	NA	-1.08506399569341
276	Arf1	NA	0.252996873216464
277	Arf2	NA	0.289864723893071
278	Arfgap1	NA	0.381366261303693
279	Arfgap3	NA	0.375890824549691
280	Arfgef1	NA	-0.675298366598663
281	Arhgap22	NA	0.58117256311924
282	Arhgap25	NA	0.39387105286025
283	Arhgap44	NA	-3.77137335660786
284	Arhgap5	NA	-1.18046313822403
285	Arhgap9	NA	0.380164910258819
286	Arhgdia	NA	0.546815987166481
287	Arhgdib	NA	0.335923312694213
288	Arhgef3	NA	0.587059399633569
289	Arhgef9	NA	-2.14695700945641
290	Arid4a	NA	-0.364094043076618
291	Arid4b	NA	-0.542367544001373
292	Arid5a	NA	0.506706358172118
293	Arl11	NA	0.400415529590423
294	Arl14ep	NA	-0.46091665498056
295	Arl5b	NA	-0.764484320794627
296	Arl6ip6	NA	-0.547735486793725
297	Arl8a	NA	0.849834594986024
298	Armc3	NA	-0.756110644019821
299	Arnt2	NA	-3.31946775611693
300	Arrb2	NA	0.834771256570971
301	Arrdc1	NA	0.516381387361429
302	Arrdc2	NA	0.905089156603566
303	Arsg	NA	0.364089100118597
304	Asb10	NA	-0.665718366556408
305	Asb13	NA	0.585830820628066
306	Asb7	NA	-0.487091210219228
307	Ascc3	NA	-1.03333760113542
308	Asf1a	NA	-0.500112473907747
309	Ash1l	NA	-0.863354778338269
310	Ash2l	NA	0.410456932308957
311	Asns	NA	-1.36741862707083
312	Asph	NA	-0.566246284448232
313	Atad2	NA	-0.769079248333242
314	Atad2b	NA	-1.16489991606625
315	Atad3a	NA	0.473965568117295
316	Atf1	NA	-0.389294446202796
317	Atf2	NA	-0.457781263848397
318	Atf6b	NA	0.509520507071275
319	Atf7	NA	-0.749900110350282
320	Atg16l2	NA	1.1758078440891
321	Atg4b	NA	0.2493962399424
322	Atg9a	NA	0.396174008273589
323	Atl3	NA	-0.827848492927113
324	Atm	NA	-1.12592788899131
325	Atp11c	NA	-1.01987711282645
326	Atp13a3	NA	-0.69878435104701
327	Atp1a1	NA	0.596532793410429
328	Atp2c1	NA	-0.300163408665541
329	Atp5a1	NA	0.271477447298708
330	Atp5b	NA	0.225127864490808
331	Atp5d	NA	0.42718444406226
332	Atp6ap1	NA	0.222420587347815
333	Atp6v0a2	NA	-0.503340262486023
334	Atp6v1e1	NA	0.321003339187575
335	Atp8a1	NA	-0.424418739436975
336	Atpaf1	NA	-0.56845692248163
337	Atpaf2	NA	0.460311056163506
338	Atr	NA	-1.15334620034557
339	Atrx	NA	-0.647852748905859
340	Atxn1	NA	-1.13989012646605
341	Atxn7l2	NA	0.810054086751872
342	Atxn7l3b	NA	-0.323938608926033
343	Aven	NA	0.401090713221415
344	Avl9	NA	-0.780316545873447
345	Axl	NA	-0.898845878107954
346	Azin1	NA	-0.515053358356034
347	B230219D22Rik	NA	-0.614326748052011
348	B3galt2	NA	-3.45373272898689
349	B3gnt2	NA	-0.445707628084347
350	B3gntl1	NA	-0.530766059235913
351	B430010I23Rik	NA	-1.21706289877068
352	B4galnt2	NA	-2.66813766313021
353	B4galt5	NA	-0.621877359879909
354	B4galt6	NA	-0.400977260958948
355	B4galt7	NA	0.493486836968141
356	B4gat1	NA	0.280727835961152
357	Bmt2	NA	-0.67287602232731
358	B930059L03Rik	NA	-1.4588998740296
359	B9d2	NA	0.64069586871782
360	BC005561	NA	-1.23508486510985
361	BC005624	NA	0.509823906873613
362	BC020402	NA	-2.03991438496335
363	BC035044	NA	-0.355632026706983
364	BC037032	NA	-0.752644449247895
365	BC037704	NA	-1.39115731469636
366	BC065397	NA	-1.1510750141186
367	Bach1	NA	-0.697937915767783
368	Bag2	NA	-1.09594489642441
369	Baiap2l1	NA	-1.25461411502821
370	Bap1	NA	0.424596549636261
371	Baz1a	NA	-0.939369910476623
372	Baz1b	NA	-0.49319038393494
373	Bbs1	NA	1.01630697089461
374	Bbs10	NA	-1.12585798653654
375	Bcat2	NA	0.512863520392082
376	Bckdha	NA	0.595567995940976
377	Bcl11a	NA	-1.81741156447578
378	Bcl6b	NA	-1.67397128480778
379	Bcl9	NA	-0.438529064429835
380	Bdp1	NA	-0.748256480970563
381	Bend6	NA	-0.61210030545336
382	Bhlhe41	NA	-0.522904148468933
383	Bin2	NA	0.539263224002228
384	Birc6	NA	-1.32509925712237
385	Blnk	NA	0.332925695294202
386	Bmf	NA	0.699727614195259
387	Bmi1	NA	-0.408433122590519
388	Bmp2k	NA	-0.492671633095056
389	Bmpr2	NA	-0.526612842516224
390	Bmyc	NA	0.504252493404246
391	Bnip3	NA	-0.416970512756022
392	Bop1	NA	0.622948965504117
393	Braf	NA	-0.525596680974001
394	Brca2	NA	-1.24358872509678
395	Brd4	NA	0.318377338433308
396	Brms1	NA	0.342198941434697
397	Brms1l	NA	-0.644605180331995
398	Brsk2	NA	-2.76993327114958
399	Brwd1	NA	-0.489856736839409
400	Brwd3	NA	-2.15170252963237
401	Bsdc1	NA	0.599009384224726
402	Btaf1	NA	-1.01954188729825
403	Btbd6	NA	-0.38386791879098
404	Btbd7	NA	-0.593613870810299
405	Btf3l4	NA	-0.485750684722491
406	Btla	NA	-4.8687125021748
407	Bzw2	NA	0.562302315415375
408	C030006K11Rik	NA	0.63535791303845
409	C030034I22Rik	NA	-1.06859583071856
410	Zfp607b	NA	-2.26285397648125
411	C1qbp	NA	0.29405985678305
412	C1qc	NA	0.29194647574394
413	C1rl	NA	-0.609820670510051
414	C230091D08Rik	NA	-0.896262453074774
415	C2cd2l	NA	0.578741844318945
416	C530008M17Rik	NA	-3.48911424520826
417	C5ar1	NA	0.82911130204709
418	C920021L13Rik	NA	-1.25450535784874
419	Cabin1	NA	0.619083804002375
420	Cables2	NA	0.550659506134497
421	Cacfd1	NA	0.428689838504869
422	Cacna1d	NA	-0.557023585015698
423	Cacna1e	NA	-3.62541185241259
424	Cacng1	NA	-4.84589808747144
425	Cacul1	NA	-0.509402199779661
426	Cahm	NA	-0.975519695657851
427	Calcoco1	NA	0.519372738525451
428	Camk2b	NA	1.21840776919631
429	Camp	NA	-13.1384580245571
430	Camta1	NA	-0.635590603336728
431	Cant1	NA	0.602119855407044
432	Canx	NA	-0.383513635134613
433	Capn1	NA	1.09149626593745
434	Capn2	NA	0.966364896521321
435	Capn3	NA	0.345872498963387
436	Capns2	NA	-2.33099203776696
437	Capza1	NA	-0.414233010848594
438	Car11	NA	1.15375419898341
439	Carhsp1	NA	0.71331653652782
440	Carm1	NA	0.580900457904171
441	Casp8ap2	NA	-0.762694605300088
442	Cav2	NA	-0.880524350834637
443	Cbfa2t2	NA	-0.385921524636955
444	Cbl	NA	-0.588628145221101
445	Cbr1	NA	0.437890201314609
446	Cbr3	NA	0.843870964889315
447	Cbx5	NA	-1.05822694124655
448	Cc2d1a	NA	0.832253013202881
449	Sgf29	NA	0.530144545969824
450	Ccdc102a	NA	0.980223795248527
451	Ccdc122	NA	-0.538078924081233
452	Ccdc130	NA	0.647581072058311
453	Ccdc15	NA	-2.079409495981
454	Ccdc152	NA	-2.72421754823322
455	Ccdc155	NA	-5.94353214406105
456	Ccdc17	NA	-0.91506361546295
457	Ccdc171	NA	-1.13603204444519
458	Ccdc50	NA	-0.883155502599832
459	Ccdc62	NA	-1.1179963893065
460	Ccdc82	NA	-0.666213952479511
461	Ccdc97	NA	0.52787938262152
462	Cck	NA	-2.91060312324389
463	Ccl12	NA	-1.05255129939181
464	Ccl25	NA	-1.18579230094323
465	Ccm2	NA	0.325191917975503
466	Ccnc	NA	-0.608302096084504
467	Ccnd3	NA	0.566724244506803
468	Ccne2	NA	-1.86885296658425
469	Ccng1	NA	-0.508123602483027
470	Ccni	NA	-0.463795955786632
471	Ccnk	NA	-0.458836631272356
472	Ccnl2	NA	-0.324870646350983
473	Ccnt2	NA	-0.398762069071191
474	Ccpg1	NA	0.32098292650351
475	Ccr1	NA	-0.86724185052422
476	Ccr5	NA	-0.374901488001372
477	Cct3	NA	0.28707194258046
478	Cct5	NA	0.281060866674242
479	Cct7	NA	0.270749577400861
480	Cd14	NA	0.43237630734687
481	Cd151	NA	1.04397325646265
482	Cd177	NA	-10.76118402691
483	Cd180	NA	-1.07055210433427
484	Cd209a	NA	-7.52397178836228
485	Cd209f	NA	-3.68855118741405
486	Cd24a	NA	-3.57987875730766
487	Cd2ap	NA	-0.343019552514604
488	Cd302	NA	-0.43907666350877
489	Cd33	NA	-0.546749119148063
490	Cd3eap	NA	0.614068718469471
491	Cd52	NA	-0.783117680381081
492	Cd79b	NA	0.411527182227001
493	Cd83	NA	-0.399777191515357
494	Cd9	NA	-0.584369891761977
495	Cdc37	NA	0.42526741352496
496	Cdc37l1	NA	-0.412544952021142
497	Cdc42bpa	NA	-0.699849278085385
498	Cdc42ep1	NA	1.79757579091739
499	Cdc42ep4	NA	0.548820162189901
500	Cdc42se1	NA	0.248741610245187
501	Cdca4	NA	-0.315438891406715
502	Cdca7	NA	-0.745312284387845
503	Cdh23	NA	0.687393548216095
504	Cdh5	NA	-3.04302158167905
505	Cdk12	NA	-0.649080605734107
506	Cdk13	NA	-0.480681795834143
507	Cdk5rap1	NA	1.71978664629673
508	Cdk5rap3	NA	0.29871243302161
509	Cdk6	NA	-0.825755531081596
510	Cdkal1	NA	0.451322362144175
511	Cdkn1c	NA	0.55509981382205
512	Cdv3	NA	-0.468692410862133
513	Ceacam1	NA	0.44697685920903
514	Cebpb	NA	0.8632672696819
515	Cebpe	NA	-4.77176228643133
516	Cenpi	NA	-2.34230084345627
517	Cep131	NA	1.01239072011971
518	Cep135	NA	-0.87685186874177
519	Cep192	NA	-0.89966145029111
520	Cep350	NA	-0.563795158162457
521	Cep83os	NA	-0.879919514314484
522	Cep85l	NA	-1.36036586240135
523	Cep95	NA	-1.66318660169051
524	Cercam	NA	0.89761494502416
525	Cerk	NA	0.356419545206164
526	Cers6	NA	-1.1440892502485
527	Cfl1	NA	0.381243097304219
528	Cggbp1	NA	-0.648329520599659
529	Cgref1	NA	-1.9474170073097
530	Chaf1b	NA	-3.23006522222593
531	Chchd7	NA	-0.449799289122059
532	Chd2	NA	-0.54028695295801
533	Chd6	NA	-0.93784562124267
534	Chd7	NA	-0.39063275775261
535	Chd8	NA	-0.674754798996414
536	Chd9	NA	-1.31995974943092
537	Cherp	NA	0.771670243491991
538	Chic2	NA	-0.409819140225925
539	Chil1	NA	-3.58141655011515
540	Chil3	NA	-10.3023313471735
541	Chml	NA	-1.00793734074262
542	Chst11	NA	-0.600215944343696
543	Chst12	NA	0.611070402943226
544	Chst8	NA	0.58327211495308
545	Chuk	NA	-0.525524517458913
546	Cir1	NA	0.630023664187606
547	Cisd3	NA	0.916686997721159
548	Ciz1	NA	0.632019986546941
549	Ckap2	NA	-2.3163525674587
550	Clasp2	NA	-0.630435127130644
551	Cldn15	NA	-5.77601480660438
552	Clec2d	NA	1.92131966124038
553	Clic1	NA	0.204540276402564
554	Clk3	NA	0.550186591388504
555	Clmp	NA	-3.90787590612943
556	Clock	NA	-0.673393138602769
557	Cltc	NA	-0.448538018699328
558	Cmas	NA	0.876578587093582
559	Cmip	NA	0.592779103975118
560	Cmpk1	NA	-0.568919462894538
561	Cnot3	NA	0.826344381846437
562	Cnot4	NA	-0.440549108161635
563	Cnot6l	NA	-0.881119528444451
564	Cnp	NA	0.366303094686506
565	Cnppd1	NA	0.342327485991251
566	Cnpy3	NA	0.476146686568881
567	Cntln	NA	-1.31340244693692
568	Cntrl	NA	-1.02335254700733
569	Cog1	NA	0.690421316093373
570	Cog7	NA	0.552360753117659
571	Col25a1	NA	-2.44060670994285
572	Comt	NA	0.347318424962488
573	Copg1	NA	0.443084217672088
574	Coq10a	NA	0.455475103072932
575	Coq9	NA	0.5061030204575
576	Coro1b	NA	0.289892409081377
577	Cotl1	NA	0.821162286503303
578	Cpd	NA	-0.94152733637198
579	Cpeb2	NA	-0.600405399772823
580	Cpeb4	NA	-1.1748570427082
581	Cpne1	NA	0.380279415310541
582	Cpsf3	NA	0.262163915838589
583	Ints11	NA	0.526166259768173
584	Cpsf6	NA	-0.593301489047063
585	Cpt1a	NA	0.367369191430728
586	Cpt2	NA	0.54473342235043
587	Cramp1l	NA	-0.867532671179335
588	Crat	NA	0.445285212130884
589	Crcp	NA	0.514187955679113
590	Creb1	NA	-0.687099455892873
591	Creb3	NA	0.242063766742461
592	Creb5	NA	-1.39336954241167
593	Crebrf	NA	-0.756676603952782
594	Creld1	NA	0.589238863667907
595	Crispld2	NA	-5.61959862539821
596	Crtap	NA	0.558660126635718
597	Crtc2	NA	0.519705515397058
598	Crybb1	NA	1.00889282646764
599	Csf1r	NA	0.35370188993423
600	Csmd3	NA	-1.10631687427818
601	Csnk1g2	NA	0.542370452543473
602	Csnk1g3	NA	-0.48716445041734
603	Csnk2a1	NA	-0.496283916624592
604	Csnk2b	NA	0.296638239812218
605	Cst7	NA	-1.31898291919273
606	Cstf2t	NA	-0.377687324666953
607	Cstf3	NA	-0.705906464165941
608	Ctage5	NA	0.502110085403444
609	Ctbs	NA	-0.51366896863226
610	Ctc1	NA	0.490357842041866
611	Ctcf	NA	-0.273759131392583
612	Ctdspl2	NA	-0.690651542574595
613	Ctnna1	NA	0.591590718227585
614	Ctnnbl1	NA	0.352545618303456
615	Ctnnd1	NA	-0.325895442812055
616	Ctps2	NA	0.229057704238025
617	Ctsa	NA	0.384507141190129
618	Ctsc	NA	0.326843209086117
619	Ctsd	NA	0.38387689242981
620	Ctso	NA	-0.392684257158843
621	Ctss	NA	0.317018683542114
622	Cux1	NA	0.467144289862241
623	Cwc22	NA	0.676361232256949
624	Cxcl10	NA	-1.54626023701707
625	Cxcl13	NA	-2.12967374419414
626	Cxcl16	NA	-0.49142414315543
627	Cxcl17	NA	-2.23179166114491
628	Cyb561a3	NA	-0.701009918340069
629	Cyb5b	NA	-0.336051498513188
630	Cyb5r3	NA	0.452493946210225
631	Cyc1	NA	0.319444013297267
632	Cyld	NA	-0.462084492442247
633	Cyp2j9	NA	-4.96026430862078
634	Cyp51	NA	-0.385958040170879
635	Cyth2	NA	0.499974131897719
636	Cyth4	NA	0.439564124476528
637	D030056L22Rik	NA	-0.486043438954755
638	D130020L05Rik	NA	-1.20370418033707
639	Fam91a1	NA	-0.463499359849711
640	D16Ertd472e	NA	-1.37914012461564
641	D17H6S56E-5	NA	-0.951965581729909
642	Spout1	NA	0.498498965346845
643	D330023K18Rik	NA	-1.05092316745546
644	D730005E14Rik	NA	-1.17011383031227
645	D7Ertd443e	NA	-2.28784477992985
646	D830031N03Rik	NA	-1.59301467281658
647	Dapp1	NA	0.322357728956681
648	Dbndd2	NA	0.397233657641426
649	Dbnl	NA	0.55181653230614
650	Dcaf10	NA	-0.594143884583181
651	Dcaf17	NA	-0.373366790658272
652	Dcakd	NA	0.449126680678523
653	Dcbld2	NA	-0.802226684151999
654	Dcp1a	NA	-0.600629395399798
655	Dcp1b	NA	0.814869759421587
656	Dcp2	NA	-0.881128411246493
657	Dcps	NA	0.40563088414518
658	Dcstamp	NA	-5.37085100839987
659	Dctd	NA	-1.00543970234403
660	Dctn2	NA	0.485527334948737
661	Dctn3	NA	0.399964589384416
662	Dcun1d3	NA	-0.583612922807517
663	Dda1	NA	0.560755044661769
664	Ddhd2	NA	-0.601747719268329
665	Ddit4	NA	1.25648217398044
666	Ddo	NA	-5.92567428653157
667	Ddx21	NA	0.417343479045644
668	Ddx23	NA	-1.3984904301484
669	Ddx39b	NA	0.168288099953848
670	Ddx41	NA	0.517189184864762
671	Ddx56	NA	0.270977297662882
672	Ddx60	NA	-1.44402171303151
673	Dennd1b	NA	-0.760742975807189
674	Dennd4a	NA	-0.6925976353822
675	Dennd6a	NA	-0.477728297145447
676	Derl1	NA	-0.239922340054871
677	Dexi	NA	0.508970061623694
678	Dffa	NA	0.711578742134838
679	Dgkd	NA	-0.428744890511667
680	Dgkz	NA	0.611557335829206
681	Dhodh	NA	0.528723315497502
682	Dhrs1	NA	0.258681459649083
683	Dhrs11	NA	0.560131447867102
684	Dhrs3	NA	0.308846402783903
685	Dhrs7	NA	-0.292739867866178
686	Dhx9	NA	-1.00270950098774
687	Diap2	NA	-0.63147938623108
688	Dicer1	NA	-1.0249039991658
689	Dido1	NA	-1.10706064665058
690	Dip2b	NA	-0.413766670654721
691	Dis3	NA	-0.418875794434644
692	Disc1	NA	-0.764625193564952
693	Dixdc1	NA	-2.26203259848179
694	Dkc1	NA	0.553323708849534
695	Dlc1	NA	-1.23184123094057
696	Dlgap4	NA	0.655806879792902
697	Dlst	NA	0.311499777854078
698	Dmtn	NA	0.819583996455906
699	Dmxl1	NA	-1.1637886565783
700	Dmxl2	NA	-1.74899993350317
701	Dnah17	NA	-2.93615431380937
702	Dnajb12	NA	0.555098632859818
703	Dnajb2	NA	0.482547735188292
704	Dnajc11	NA	0.414080362043193
705	Dnajc17	NA	0.530411898117627
706	Dnajc3	NA	-0.287359471275027
707	Dnajc8	NA	0.329333965645443
708	Dnmt3a	NA	-0.570617968829904
709	Dnmt3aos	NA	-4.69547860533816
710	Dnpep	NA	0.602429284941522
711	Doc2a	NA	0.598420739031859
712	Dock4	NA	-0.528062389464383
713	Dock7	NA	-0.616061884015695
714	Dock8	NA	-0.300321062954073
715	Dok3	NA	0.984258045778489
716	Dpf2	NA	0.276320761942667
717	Dpp8	NA	-0.465693641762473
718	Dpp9	NA	0.458015785349124
719	Dpy19l1	NA	-0.441867639267325
720	Dpy19l3	NA	-0.537340949734303
721	Dpy19l4	NA	-0.773616022745583
722	Dpysl2	NA	-0.942382034039368
723	Dr1	NA	-0.703204422824259
724	Drg2	NA	0.485015881003017
725	Dsp	NA	7.28207326725054
726	Dtd2	NA	-0.550587564113318
727	Dtl	NA	-6.90292846311123
728	Duoxa1	NA	-0.906613705731425
729	Dus1l	NA	0.327036702516885
730	Dusp1	NA	1.82455634424885
731	Dusp28	NA	0.522387118883257
732	Dusp6	NA	0.363408572823865
733	Dut	NA	-0.689799661323771
734	Dvl1	NA	0.933178352567497
735	Dxo	NA	0.636255640260454
736	Dym	NA	0.485787028889141
737	Dync1h1	NA	-0.442429370627866
738	Dync1li1	NA	0.241308395094218
739	Dync2h1	NA	-1.09374991818146
740	Dynlt3	NA	-0.455768379247356
741	Dyrk1a	NA	-0.474302206094711
742	E030024N20Rik	NA	-1.98007027206715
743	E130215H24Rik	NA	-1.19052727397187
744	E130317F20Rik	NA	-1.04901223249283
745	E2f4	NA	0.464426130650024
746	E330020D12Rik	NA	-1.70892933104216
747	E330033B04Rik	NA	-1.05539890391834
748	E4f1	NA	0.798919225809238
749	E530011L22Rik	NA	-2.78152819353551
750	Ebi3	NA	-0.613759464999272
751	Ecd	NA	0.407177699991283
752	Ece1	NA	0.851602142618109
753	Ech1	NA	0.371173998522502
754	Eci2	NA	0.362009371947284
755	Ecscr	NA	-0.339990634033113
756	Edem1	NA	-0.564876177765555
757	Edem3	NA	-0.5703978727443
758	Eef1a1	NA	-0.645221007807411
759	Eef2k	NA	0.392948433730215
760	Eefsec	NA	0.511220753194831
761	Efcab11	NA	-4.54152010299733
762	Efcab14	NA	-0.329954466299735
763	Efcab2	NA	-0.948515162411585
764	Egf	NA	-4.24113035756453
765	Ehbp1l1	NA	0.528611378589943
766	Eif2ak1	NA	0.489295911478027
767	Eif2ak3	NA	0.506016444056376
768	Eif2ak4	NA	0.491778767446192
769	Eif2b2	NA	0.38968254075079
770	Eif2b5	NA	0.360967765951895
771	Eif3c	NA	0.381319548149224
772	Eif3d	NA	0.364375121287657
773	Eif3g	NA	0.431582432934331
774	Eif3l	NA	0.28163461547345
775	Eif4a1	NA	0.39896770867674
776	Eif4a3	NA	0.22097869118542
777	Eif4ebp1	NA	0.305642971436631
778	Elac1	NA	-0.472669546793222
779	Elane	NA	-30.046057827155
780	Elavl4	NA	-1.4597753690017
781	Eldr	NA	-4.44340724208484
782	Elk4	NA	-1.04578283066761
783	Elmo2	NA	0.706681632458848
784	Elmod3	NA	0.393289063593283
785	Elmsan1	NA	-0.521368176757342
786	Emc10	NA	0.389222469557981
787	Emd	NA	1.02245447490091
788	Emp3	NA	0.851627455412171
789	Endod1	NA	-0.279661705367601
790	Eno3	NA	0.590213469803364
791	Entpd1	NA	0.361330884345313
792	Entpd6	NA	0.398148946670275
793	Entpd7	NA	-0.507689584816984
794	Ep300	NA	-0.788755177671513
795	Epha1	NA	-1.75886428723622
796	Epm2aip1	NA	-1.03373951786179
797	Eprs	NA	0.457035171142591
798	Ept1	NA	-0.671326250113581
799	Erbin	NA	-0.406367472404069
800	Ercc1	NA	0.513328353033375
801	Ercc3	NA	0.609495917419716
802	Erlin2	NA	-0.349976264135976
803	Ero1l	NA	-0.347345248831298
804	Errfi1	NA	-0.485853908019728
805	Esco1	NA	-0.620937161459192
806	Esrrg	NA	-5.30810425942269
807	Ethe1	NA	0.636714609223058
808	Etnk1	NA	-0.779049035351392
809	Etohd2	NA	-1.11429298689464
810	Ets2	NA	0.636005772380206
811	Etv3	NA	-0.436291791546031
812	Eva1a	NA	-0.455807954492486
813	Eva1b	NA	0.60704559496528
814	Evi2a	NA	-0.692876053974446
815	Ewsr1	NA	-0.3472244727761
816	Exosc3	NA	-0.502684622446558
817	Exosc5	NA	0.397500059376744
818	Eya4	NA	-0.969725320323678
819	Ezr	NA	0.920894382105145
820	F630206G17Rik	NA	-5.31769922211808
821	Fadd	NA	0.427411687126891
822	Fads3	NA	-1.55014114923923
823	Fam102b	NA	-0.516660944897585
824	Fam104a	NA	0.311846880470681
825	Fam107b	NA	-0.444723586030887
826	Fam120aos	NA	-1.09921958702522
827	Fam126a	NA	-0.712616825963269
828	Fam126b	NA	-0.811027012597918
829	Retreg1	NA	-0.261651981254846
830	Fam167a	NA	-4.89655396804285
831	Fam168a	NA	0.492062149372727
832	Abraxas1	NA	-0.652762331659935
833	Togaram1	NA	-0.500115866773253
834	Insyn2a	NA	-1.61077823745635
835	Insyn2b	NA	-2.16096538988783
836	Fam199x	NA	-0.958175439129877
837	Fam207a	NA	0.453307440101277
838	Tasor	NA	-0.794335659091974
839	Tasor2	NA	-0.611632425260119
840	Fam21	NA	0.687075204165108
841	Fam210a	NA	-0.797894702270141
842	Prxl2a	NA	-0.455219120085381
843	Fam214a	NA	1.0527533359466
844	Fam219a	NA	0.750212171052819
845	Fam32a	NA	0.279012843424417
846	Fam3a	NA	0.436014948887136
847	Tent5c	NA	-0.750130502528718
848	Fam50a	NA	0.450020135593763
849	Ripor1	NA	0.421040206290242
850	Fam76b	NA	-0.840667055295797
851	Fam89b	NA	0.535278862628859
852	Fam92a	NA	-0.939583662030898
853	Fan1	NA	-1.08419391796926
854	Far2	NA	-3.22510238728539
855	Farsa	NA	0.482803912406413
856	Farsb	NA	0.220270231123942
857	Fat3	NA	-2.46840514818603
858	Fbn1	NA	4.84720550681638
859	Fbxl4	NA	-0.458098744800338
860	Fbxo17	NA	1.94570497193742
861	Fbh1	NA	0.399914325830074
862	Fbxo30	NA	-0.914331864147015
863	Fbxo33	NA	-0.383890746392912
864	Fbxo36	NA	-0.89964414922379
865	Fbxo47	NA	-2.2369479637811
866	Fbxo48	NA	-2.70880042058988
867	Fbxo9	NA	0.430914327046713
868	Fbxw2	NA	-0.334175337168099
869	Fbxw5	NA	0.415360663955629
870	Fcgr3	NA	0.697153563888529
871	Fchsd2	NA	-0.501713205190986
872	Fcnb	NA	-8.72217505846228
873	Fcrl1	NA	0.24244898200437
874	Fdxr	NA	0.638421120309939
875	Fem1b	NA	-0.952926878098589
876	Fem1c	NA	-0.766370632432385
877	Fermt3	NA	0.629382525167245
878	Fes	NA	0.534478694211774
879	Fez2	NA	0.382868385344985
880	Fgd3	NA	-0.621276949348408
881	Fgd4	NA	-0.656884067207927
882	Fgl2	NA	-1.19808377944263
883	Fgr	NA	-0.894095623129124
884	Fh1	NA	0.321729771041674
885	Fignl1	NA	-1.48809412543369
886	Fkbp4	NA	0.452404774756151
887	Fkbp5	NA	1.15088791249945
888	Fkbp6	NA	-3.78428869948208
889	Fkrp	NA	0.398425597269811
890	Flot1	NA	0.480688280828514
891	Flywch1	NA	0.647484291653644
892	Fmn1	NA	-1.14664830677741
893	Fmr1	NA	-0.530062453318537
894	Fnbp4	NA	-0.690764599541406
895	Fndc7	NA	-2.73545899544543
896	Fnip1	NA	-0.491893574102954
897	Folr2	NA	-1.37535746235816
898	Fosl2	NA	-0.601597100583929
899	Foxk2	NA	-0.343015307292576
900	Foxn2	NA	-1.04020437864088
901	Foxp1	NA	0.387261682529711
902	Fpgt	NA	-0.718320600893775
903	Frmd8	NA	0.360878089902194
904	Frs2	NA	-0.750259904932336
905	Fryl	NA	-0.928042203428303
906	Ftsj1	NA	0.537701296139723
907	Furin	NA	0.636073390347085
908	Fv1	NA	-1.46056685310583
909	Fxn	NA	0.837121565461248
910	Fyttd1	NA	-0.413956420793237
911	Fzd6	NA	-5.48237021108499
912	G6pd2	NA	1.17770348422597
913	G6pdx	NA	0.686366973350376
914	Gabarapl1	NA	0.562128832298339
915	Gabpa	NA	-0.389939276031242
916	Gabpb1	NA	-0.533581431165796
917	Gabpb2	NA	-1.04289318905833
918	Gabrq	NA	-5.64223221558859
919	Galk1	NA	0.462672291733457
920	Galk2	NA	0.309739336513845
921	Galnt4	NA	-0.537152338320954
922	Gamt	NA	0.435124728501133
923	Gas6	NA	-0.377234622475068
924	Gatad2a	NA	0.378876563922588
925	Gatad2b	NA	-1.18777372370084
926	Gatc	NA	0.31428843125735
927	Gatm	NA	-0.494046947358174
928	Gba2	NA	0.569064525351701
929	Gbp3	NA	0.645008833883531
930	Gbp7	NA	0.830353864417572
931	Gbp9	NA	-0.686486521026557
932	Gca	NA	-0.888465767409407
933	Gcnt7	NA	-0.895409195065057
934	Gdap10	NA	-1.78071339754835
935	Gdpd1	NA	0.542953292853792
936	Gem	NA	-0.97262670419361
937	Gfm2	NA	-0.473349627895807
938	Gfpt1	NA	-0.381873591561633
939	Gga3	NA	0.361701935427739
940	Ggnbp2os	NA	-1.17798176677669
941	Ggps1	NA	-0.611188808381265
942	Ghdc	NA	0.412076167621711
943	Glb1	NA	0.403956638150441
944	Glg1	NA	0.374074058359773
945	Glo1	NA	0.299170389362477
946	Glrp1	NA	-0.613809350050547
947	Gls	NA	-0.957133533636278
948	Glul	NA	0.448769684024495
949	Gm10033	NA	-0.754211566964733
950	Gm10509	NA	-0.586586064672781
951	Gm10578	NA	-4.74368678860223
952	Gm10790	NA	-0.343562832620467
953	Gm11423	NA	-1.14707094660958
954	Gm12522	NA	-1.84194814884196
955	Gm13710	NA	-2.33775580980962
956	Gm14023	NA	-1.57813372985741
957	Gm14092	NA	-4.51811696050691
958	Gm15326	NA	-3.53280903893281
959	Gm15612	NA	-5.34099202014291
960	Gm15708	NA	-2.18372603007674
961	Hectd4	NA	-1.40719225328368
962	Gm15850	NA	-1.6254315445684
963	Gm16617	NA	-1.68562297482785
964	Gm16907	NA	-1.59758150657898
965	Gm17066	NA	-1.34297609443606
966	Gm1821	NA	0.764628279427022
967	Gm19522	NA	-3.2582334374862
968	Gm19689	NA	-2.03027757596627
969	Gm20199	NA	-2.36543433070594
970	Gm20300	NA	-0.755091061942025
971	Gm29811	NA	-1.89561793666451
972	Gm2a	NA	0.356370578837318
973	Gm3414	NA	-1.0296407737413
974	Gm35612	NA	-3.449936467964
975	Gm3716	NA	-3.02163897808359
976	Gm4890	NA	-1.80177358506927
977	Gm5544	NA	-1.61006998001483
978	Gm5547	NA	-2.09270036849654
979	Gm6297	NA	-5.20741393271124
980	Gm6525	NA	-4.56437750545475
981	Gm826	NA	-2.00715544454607
982	Gm9776	NA	-0.627741352951055
983	Gmeb1	NA	-0.657441773836135
984	Gmip	NA	0.414506162281893
985	Gna13	NA	-0.501413754777086
986	Gng10	NA	-0.514992312674706
987	Gnl2	NA	0.35293012128066
988	Gnpat	NA	0.280402884477838
989	Gnptg	NA	0.305857143082645
990	Gns	NA	0.354570205130427
991	Golm1	NA	0.247060935554435
992	Golt1b	NA	-0.366876070988675
993	Gorasp2	NA	0.230608113218669
994	Got2	NA	0.638313197358486
995	Gpaa1	NA	0.309843290181177
996	Gpd1	NA	1.31408907059186
997	Gpi1	NA	0.420387998487845
998	Gpr108	NA	0.244597634516965
999	Gpr155	NA	-0.383448634951118
1000	Gpr19	NA	-1.63609945534978
1001	Gpr22	NA	-1.96853768885651
1002	Gpr37l1	NA	-6.31831596935438
1003	Gpr68	NA	-4.05512110068996
1004	Gpr84	NA	-0.470838894613949
1005	Gps1	NA	0.346437282931443
1006	Gps2	NA	0.402010324347901
1007	Gpsm3	NA	0.519307349556854
1008	Gramd4	NA	0.680494280965443
1009	Grk6	NA	0.606162761148993
1010	Grn	NA	0.244802347284657
1011	Gsdmd	NA	0.44553219982191
1012	Haspin	NA	-0.698570250265149
1013	Gsk3a	NA	0.431396539160684
1014	Gsk3b	NA	-0.451398802367482
1015	Gspt2	NA	-3.59082891167731
1016	Gss	NA	0.480586634017991
1017	Gtdc1	NA	-0.452485571367437
1018	Gtf2a1	NA	-0.673574858130173
1019	Gtf2h4	NA	0.528862095426602
1020	Gtf3c4	NA	-0.55480458231224
1021	Gtf3c5	NA	0.379097261316985
1022	Gtpbp10	NA	-0.634992953243389
1023	Guf1	NA	-0.680557467642892
1024	H13	NA	0.258652404501463
1025	H2-DMb1	NA	0.282869018006437
1026	H2-DMb2	NA	0.579044400121065
1027	H2-Ke6	NA	0.334646511349403
1028	H2-T23	NA	0.288637551004522
1029	H60b	NA	-1.92882154346933
1030	Hacd4	NA	-0.461197285697986
1031	Hagh	NA	0.549730854903273
1032	Haus8	NA	0.592514392699469
1033	Havcr2	NA	0.618767912736762
1034	Hbegf	NA	0.974591350383982
1035	Hck	NA	0.443689599075284
1036	Hdc	NA	-4.65257768798629
1037	Hdgf	NA	0.518918724235962
1038	Hdgfl2	NA	0.667885844343931
1039	Hectd1	NA	-0.514687007133085
1040	Hells	NA	-2.98493678484589
1041	Herc1	NA	-1.50080281609995
1042	Herc2	NA	-0.820963070467648
1043	Hes6	NA	0.43781280563878
1044	Hgs	NA	0.462434442870272
1045	Hif1a	NA	-0.739818150729554
1046	Hif1an	NA	-0.658465504945276
1047	Hipk3	NA	-0.608114238796996
1048	H2bc1	NA	4.79521082716147
1049	H4c4	NA	-0.616811630810312
1050	H2bu2	NA	3.23775425562027
1051	H4f16	NA	2.06911025558727
1052	Hjurp	NA	-0.700919701412879
1053	Hk1	NA	0.730598260649762
1054	Hlf	NA	-0.670606208536871
1055	Hmces	NA	0.663055608459492
1056	Hmg20b	NA	0.641171266282592
1057	Hmgcs1	NA	-0.43806417888564
1058	Hmgn2	NA	-0.720129160607796
1059	Arhgap45	NA	0.545674964657686
1060	Hmox2	NA	0.380243303204951
1061	Hnrnpa0	NA	-0.435494136061771
1062	Hnrnpf	NA	0.268685990771259
1063	Hnrnph1	NA	-0.476892448406895
1064	Hook3	NA	-0.57534091288668
1065	Hp	NA	-9.25759873556056
1066	Hpgd	NA	0.403970251657044
1067	Hps4	NA	0.387668386204868
1068	Hsd11b1	NA	-7.1058498792904
1069	Hsd17b10	NA	0.336387858659354
1070	Hsf1	NA	0.507199987188716
1071	Hspa4	NA	0.287899202640629
1072	Htr2b	NA	-2.52955349272768
1073	Htt	NA	-2.0855213504065
1074	Hus1	NA	-0.632848418870486
1075	Huwe1	NA	-0.735794399640215
1076	Ick	NA	0.446977428492979
1077	Icosl	NA	0.42996185802505
1078	Idh2	NA	0.39715727681434
1079	Idh3g	NA	0.464061136332662
1080	Ier2	NA	1.12956801535102
1081	Ier3	NA	1.22966872262338
1082	Ifit2	NA	-1.1327627075869
1083	Ifitm6	NA	-5.75739649312031
1084	Ifngr1	NA	0.322396398268297
1085	Igf1r	NA	-0.634829457401036
1086	Igfbp4	NA	-0.832837794307917
1087	Igip	NA	-1.46726586089108
1088	Igsf6	NA	0.609389789353281
1089	Ikzf1	NA	-0.411454001164006
1090	Ikzf2	NA	-0.884654061428585
1091	Il10ra	NA	0.320373781181482
1092	Il13ra1	NA	-0.521449089018947
1093	Il16	NA	0.257590595663731
1094	Il17ra	NA	0.632051721762269
1095	Il6ra	NA	0.685376551412115
1096	Il6st	NA	-1.13882936382462
1097	Ilk	NA	0.36122370697127
1098	Immp1l	NA	-0.801596024625291
1099	Immp2l	NA	-0.777429289614198
1100	Immt	NA	0.38552362902121
1101	Imp4	NA	0.243247203544576
1102	Impad1	NA	-0.76644729211152
1103	Inafm1	NA	0.40155918320333
1104	Ing4	NA	0.348410881418284
1105	Ino80b	NA	0.604757893060643
1106	Ino80d	NA	-0.840915799699243
1107	Ino80dos	NA	-1.40864264872445
1108	Ino80e	NA	0.462210125444853
1109	Inpp4b	NA	-1.14964152018838
1110	Inpp5b	NA	0.376669329754684
1111	Inpp5d	NA	0.494868912104293
1112	Insig2	NA	-0.335088566766823
1113	Insr	NA	-0.988921266320425
1114	Irak1	NA	0.363172543770033
1115	Ireb2	NA	-0.579480349007473
1116	Irf3	NA	0.60322459658813
1117	Irf4	NA	-1.067079411487
1118	Irf5	NA	0.392987832828205
1119	Isoc1	NA	-0.410772486943364
1120	Ispd	NA	-3.60002468434797
1121	Isyna1	NA	0.429816806483048
1122	Itfg2	NA	0.670934553416032
1123	Fam234a	NA	0.681872955667282
1124	Itgae	NA	-1.06296033558916
1125	Itgav	NA	-0.630191349841062
1126	Itgb2l	NA	-7.79829880409322
1127	Itgb3	NA	-1.10228090620597
1128	Itgb3bp	NA	-0.822865271995419
1129	Itgb5	NA	0.432609106772663
1130	Itpripl1	NA	-0.46960875135996
1131	Itsn2	NA	-0.43548362230658
1132	Ivd	NA	0.493220323279373
1133	Iws1	NA	-0.707929280146541
1134	Jak1	NA	0.378435371841574
1135	Jazf1	NA	-1.64090290056682
1136	Jdp2	NA	0.869811467787679
1137	Jmjd1c	NA	-0.537868888718885
1138	Jmjd8	NA	0.414703108547312
1139	Jpx	NA	-1.35209630934853
1140	Jrkl	NA	-0.742321085983756
1141	Jun	NA	0.817475616496653
1142	Jund	NA	0.807525476421673
1143	Kank3	NA	0.702288706910029
1144	Kansl1l	NA	-0.430194804460036
1145	Kansl3	NA	0.687483867781929
1146	Kat2a	NA	0.553005811096069
1147	Kat2b	NA	-0.792324951950791
1148	Kat6a	NA	-0.695637954363574
1149	Kat6b	NA	-0.959878048034239
1150	Katnbl1	NA	-0.584297723080028
1151	Kbtbd6	NA	-4.03761509284432
1152	Kbtbd7	NA	-0.592135118744028
1153	Kbtbd8	NA	-0.818178316698497
1154	Kcmf1	NA	-0.255033325536731
1155	Kcnj2	NA	-0.998276168396314
1156	Kcnk13	NA	-0.299501938704407
1157	Kcnq1ot1	NA	-1.27605613079458
1158	Kcnt1	NA	6.71949450794293
1159	Kcp	NA	1.25994389973723
1160	Kctd11	NA	-0.494266054813746
1161	Kctd12	NA	-0.669124921011416
1162	Kdm2a	NA	-0.39773775845571
1163	Kdm3b	NA	-0.365094215588615
1164	Kdm5a	NA	-0.403511918544976
1165	Kdm5d	NA	-0.792727197700536
1166	Keap1	NA	0.457385323140378
1167	Khdrbs1	NA	-0.333370604593306
1168	Kif1b	NA	-0.546586572436895
1169	Kif24	NA	-1.28299836081549
1170	Kif5b	NA	-0.680961956194568
1171	Kif9	NA	-1.13078873350528
1172	Klf12	NA	-0.505359334096332
1173	Klf13	NA	0.763726587858623
1174	Klf2	NA	1.18613716243778
1175	Klf3	NA	-0.364382846196136
1176	Klhdc10	NA	-0.565120112093137
1177	Klhdc3	NA	0.323055239576505
1178	Klhdc8b	NA	0.572119126663657
1179	Klhl11	NA	-1.24342285910713
1180	Klhl7	NA	-0.439750456091294
1181	Klhl9	NA	-0.837931898717523
1182	Klk9	NA	-2.55928715394343
1183	Klrd1	NA	-0.819238418114945
1184	Klri1	NA	-5.15011040586209
1185	Kmt2a	NA	-0.724287111319953
1186	Kmt2c	NA	-0.733416394450838
1187	Kpna3	NA	-0.390658370658516
1188	Kpna4	NA	-0.550109278781887
1189	Kpnb1	NA	-0.300038503795094
1190	Krcc1	NA	-0.568988007981759
1191	Krit1	NA	-0.531365985166456
1192	Lacc1	NA	-0.365670844542145
1193	Lactb2	NA	-0.466801477831149
1194	Lamb2	NA	0.947805109363205
1195	Lamp2	NA	-0.400870904005216
1196	Lamtor2	NA	0.348081397144435
1197	Laptm5	NA	0.197716976734085
1198	Larp4	NA	-0.626178782830047
1199	Larp7	NA	0.442376299995431
1200	Lars2	NA	-0.803540473433606
1201	Lats1	NA	-0.905101040168607
1202	Lclat1	NA	-0.504807188587736
1203	Lcn2	NA	-12.4196022549336
1204	Lcor	NA	-0.748952558232084
1205	Lcorl	NA	-0.700693868735026
1206	Ldhb	NA	0.303545846621803
1207	Ldlr	NA	-2.01796441193098
1208	Ldlrap1	NA	0.335050292050758
1209	Lemd2	NA	0.608140045753497
1210	Lgals8	NA	0.351421411308136
1211	Lgr4	NA	-1.59955919384588
1212	Lig4	NA	-1.08079172241716
1213	Lims1	NA	-0.587271049671947
1214	Lin54	NA	-0.466315304873275
1215	Lin7c	NA	-0.571913873918802
1216	Lncpint	NA	-1.29595834947577
1217	Lipe	NA	0.397826829017085
1218	Lman1	NA	-0.359652670452722
1219	Lmf2	NA	0.537476496448265
1220	Lmo2	NA	-0.313753162063419
1221	Lnpep	NA	-0.827986319919354
1222	Lonrf3	NA	-1.04103321452623
1223	Lpar6	NA	-0.441854530153014
1224	Lpcat2	NA	-0.413114200502104
1225	Lpin1	NA	0.472680788671876
1226	Lrg1	NA	-3.73955761474147
1227	Lrif1	NA	-0.508496850594914
1228	Lrig2	NA	-0.461863644948156
1229	Lrmp	NA	0.474927523753858
1230	Lrp10	NA	0.416976206460657
1231	Lrp12	NA	-0.420589023166998
1232	Lrp4	NA	-1.32363171316319
1233	Lrp6	NA	-0.487937355216298
1234	Lrpap1	NA	0.395085989327776
1235	Lrrc29	NA	-2.65818987742734
1236	Lrrc39	NA	-0.683039470141551
1237	Lrrc51	NA	-0.672949724801394
1238	Lrrc58	NA	-0.408386516444393
1239	Lrrcc1	NA	-0.613345888984103
1240	Lrrtm2	NA	-1.68131221975236
1241	Lsm14b	NA	-1.32176600749048
1242	Lsp1	NA	0.457880120042005
1243	Lsr	NA	-1.05954724469134
1244	Ltf	NA	-13.6543760367402
1245	Luc7l3	NA	-1.21432718094574
1246	Ly6c2	NA	-4.34214788183475
1247	Ly86	NA	-1.14781768602447
1248	Lyn	NA	0.150620107690041
1249	Lypla2	NA	0.381471197421201
1250	Lyst	NA	-1.68008575135398
1251	Lztr1	NA	0.511581335924241
1252	Macf1	NA	-0.861320380580865
1253	Macrod1	NA	0.907938407166645
1254	Mad1l1	NA	0.626083764401019
1255	Mad2l2	NA	0.340769625091402
1256	Madcam1	NA	-3.83374177193067
1257	Maf	NA	-0.684713613995953
1258	Maf1	NA	0.390088600549368
1259	Mafb	NA	0.402474347808017
1260	Mag	NA	0.449476875836718
1261	Malat1	NA	-2.163645799364
1262	Malsu1	NA	-0.396691547339148
1263	Man1a2	NA	-0.271984257572011
1264	Manba	NA	0.329656942551258
1265	Manea	NA	-0.764480217699376
1266	Map1lc3a	NA	0.486999040133539
1267	Map1lc3b	NA	0.329284543970064
1268	Map2k3	NA	0.493357098141157
1269	Map3k2	NA	-0.96516782221129
1270	Map3k3	NA	0.447705358460536
1271	Map3k8	NA	-0.880047524370624
1272	Map3k9	NA	-0.661301497303233
1273	Map4	NA	-0.387444227168253
1274	Mapk14	NA	0.184102908144776
1275	Mapk1ip1	NA	0.567755656595359
1276	Mapk6	NA	-0.446682151640384
1277	Mapre2	NA	0.24547611945081
1278	Mapre3	NA	0.80183383572605
1279	Marcks	NA	-0.294054698966494
1280	Marf1	NA	-0.882273842035208
1281	Mat2a	NA	0.312508708951128
1282	Matk	NA	0.496328754046488
1283	Matn2	NA	-1.98625559922321
1284	Mbd3	NA	0.450940151400874
1285	Mbd5	NA	-0.940097447443426
1286	Mbnl1	NA	-0.579855935651653
1287	Mbnl3	NA	-4.3559851376751
1288	Mboat1	NA	-0.960074351908654
1289	Mbtd1	NA	-0.742052358707042
1290	Mcemp1	NA	-4.68195670458443
1291	Mcm2	NA	-1.01406644510387
1292	Mcm4	NA	-0.509142570629676
1293	Mcm5	NA	-1.07801997815823
1294	Mcm6	NA	-0.677500155192354
1295	Mcrs1	NA	0.455870748725838
1296	Mdh1	NA	0.216158613199264
1297	Mdh2	NA	0.254935277684995
1298	Mdn1	NA	-1.56896722033223
1299	Med1	NA	-0.385439025527439
1300	Med12l	NA	-0.888679102721487
1301	Med13	NA	-0.953749043444148
1302	Med13l	NA	-0.580448516286411
1303	Med15	NA	0.526470763873672
1304	Med25	NA	0.625824776141485
1305	Med28	NA	-0.335129140312535
1306	Mef2c	NA	-0.240349667501001
1307	Memo1	NA	-0.69609131084342
1308	Men1	NA	0.637012100652011
1309	Eef1akmt2	NA	-0.548047989333655
1310	Mettl3	NA	0.619650455475408
1311	Mettl4	NA	-0.905994224687836
1312	Mettl7a1	NA	0.508243498213241
1313	Mex3c	NA	-0.538217784928986
1314	Mfge8	NA	0.836043063537648
1315	Mfsd4a	NA	-0.814113977719161
1316	Mfsd5	NA	0.252739408819226
1317	Mga	NA	-0.594449550002402
1318	Mgat4a	NA	-0.867062873507332
1319	Mgat5	NA	-1.29892994576964
1320	Oga	NA	-0.896419528103144
1321	Mgst2	NA	-3.74951311898832
1322	Mgst3	NA	0.491778641720099
1323	Mib1	NA	-0.819288350565384
1324	Mical1	NA	0.630117058242545
1325	Mid1ip1	NA	0.398282108056282
1326	Mier1	NA	-0.709414541606953
1327	Mir1931	NA	-1.9896187717027
1328	Mir6236	NA	-1.68686805366068
1329	Mir6345	NA	-3.92400993312262
1330	Mir6374	NA	-2.72302557520295
1331	Mir6902	NA	-2.62177152897493
1332	Mir8112	NA	-0.758214606903415
1333	Mir99ahg	NA	-1.35343008575908
1334	Mitf	NA	-0.66072005574077
1335	Mlf2	NA	0.43849971919502
1336	Mllt10	NA	-0.564170016281037
1337	Mlph	NA	0.762066895585926
1338	Mlxipl	NA	0.588595565170724
1339	Mmd	NA	-0.644434870141105
1340	Mmgt1	NA	-0.540236177643085
1341	Mmp11	NA	0.919646772199144
1342	Mmp14	NA	1.03388703083211
1343	Mob1a	NA	-0.449618127575282
1344	Mob1b	NA	-1.04025155546143
1345	Mob3a	NA	0.585627536147592
1346	Mocs1	NA	0.56789251402488
1347	Mon2	NA	-0.46052387436304
1348	Morc3	NA	-0.337906188204207
1349	Mospd2	NA	-0.886481730754171
1350	Mpc1	NA	-0.497838021747058
1351	Mplkip	NA	-0.505536236393041
1352	Mpp1	NA	0.327496135545531
1353	Mpp6	NA	-0.321255832182359
1354	Mr1	NA	0.440084995953796
1355	Mreg	NA	-5.10747675456397
1356	Mrgbp	NA	0.739845784271746
1357	Mrpl10	NA	0.259701308079127
1358	Mrpl27	NA	0.307727890594843
1359	Mrpl40	NA	0.37158293643389
1360	Mrps12	NA	0.54838397835556
1361	Mrps26	NA	0.347380853495416
1362	Mrps34	NA	0.374357026773987
1363	Ms4a3	NA	-7.50848255744043
1364	Msh2	NA	0.467010711124654
1365	Msl2	NA	-0.611497206375276
1366	Msr1	NA	1.06610150665972
1367	Msra	NA	0.516707542048298
1368	Mss51	NA	-4.07516334805951
1369	Mt2	NA	-2.08561405621356
1370	Mta3	NA	0.295991070170835
1371	Mtf2	NA	-0.414756524106593
1372	Mthfd2	NA	-0.650686899175258
1373	Mtif2	NA	-0.366797827578459
1374	Mtmr1	NA	-0.460639779491233
1375	Mtmr14	NA	0.379059118994431
1376	Mtmr7	NA	-4.39463498567191
1377	Mtss1	NA	-0.460552749179325
1378	Mtus1	NA	0.273307326004792
1379	Mtx1	NA	0.436269847413699
1380	Mtx3	NA	-1.4727992721614
1381	Mum1	NA	0.686328729899934
1382	Mvp	NA	0.487854605231925
1383	Mxd4	NA	0.643478620069592
1384	Mybbp1a	NA	0.637199699948396
1385	Myc	NA	0.634500372930518
1386	Mycbp2	NA	-0.652632475658198
1387	Mycl	NA	0.575263591154466
1388	Myd88	NA	0.2475854805532
1389	Myg1	NA	0.359210235149793
1390	Myl12b	NA	0.380940041576218
1391	Mylip	NA	-0.546515736590477
1392	Myo1c	NA	0.531710990317785
1393	Myo1e	NA	-0.710489662855641
1394	Myo1g	NA	0.660554776088756
1395	Myo5a	NA	-1.23708636036736
1396	Myo9a	NA	-1.05247812386429
1397	Mysm1	NA	-0.44667149598799
1398	N4bp2l2	NA	-0.482555104250198
1399	Naa15	NA	-0.484207244196156
1400	Naa30	NA	-0.586418449196778
1401	Naa50	NA	-0.363226973514211
1402	Nabp2	NA	0.582673138525353
1403	Nacc2	NA	0.453571540646999
1404	Nadk2	NA	-0.415261290201835
1405	Naga	NA	0.244433836500192
1406	Naip5	NA	-0.439414569821151
1407	Napa	NA	0.347167323355855
1408	Napb	NA	-1.12406727358735
1409	Nars	NA	0.286280618781258
1410	Nat10	NA	0.589034156289843
1411	Nat2	NA	-0.788493733537886
1412	Nat6	NA	0.570380983805867
1413	Nav2	NA	-0.867278437495883
1414	Nav3	NA	-0.777119818146137
1415	Nbea	NA	-1.04603247739086
1416	Nbeal1	NA	-1.69022060938447
1417	Nbr1	NA	0.385600243413307
1418	Ncf1	NA	0.476087282127935
1419	Nckipsd	NA	0.574235681599244
1420	Ncoa6	NA	0.633779847042387
1421	Nde1	NA	0.44401820552688
1422	Ndrg3	NA	0.326454985420148
1423	Ndufa10	NA	0.37951154367992
1424	Ndufaf6	NA	-0.609151577903915
1425	Ndufs2	NA	0.288668514449354
1426	Necap2	NA	0.319779605762473
1427	Nedd4l	NA	0.696807302491559
1428	Nek7	NA	-0.373831700822338
1429	Nemf	NA	-0.625379370056618
1430	Nenf	NA	-0.299820447427168
1431	Neurl1a	NA	0.75204511693229
1432	Neurl3	NA	-0.309344883350016
1433	Nf1	NA	-1.00948685415864
1434	Nfam1	NA	0.398881810124759
1435	Nfe2l2	NA	0.314319782439439
1436	Nfix	NA	0.568734133986111
1437	Nfkbia	NA	0.640369907097529
1438	Nfs1	NA	0.373705135492027
1439	Nfyc	NA	0.311760746236216
1440	Ngp	NA	-14.7730287056153
1441	Nhlrc2	NA	-0.41115381385914
1442	Nid2	NA	-0.595219154525801
1443	Nif3l1	NA	0.434644395027532
1444	Ninj1	NA	0.359211460095923
1445	Nisch	NA	0.444599306921869
1446	Nktr	NA	-0.771508542490283
1447	Nlrc5	NA	-2.46669646480373
1448	Nlrp1b	NA	-1.10139900032835
1449	Nlrp1c-ps	NA	-3.44940654938086
1450	Nlrx1	NA	0.484425555457363
1451	Nme2	NA	-0.325253248899402
1452	Nmrk1	NA	-0.97877598403716
1453	Nmt1	NA	0.268709926453789
1454	Noc2l	NA	0.591402006058422
1455	Noc4l	NA	0.529935453727771
1456	Nolc1	NA	0.807238511730524
1457	Nono	NA	0.250544180027307
1458	Nop56	NA	0.410348091476915
1459	Nop58	NA	-0.474266855980784
1460	Nos1ap	NA	-0.600015270038517
1461	Nosip	NA	0.680063078034445
1462	Notch2	NA	-0.803452684916522
1463	Notch4	NA	2.05725219083198
1464	Npc1	NA	-0.284460922366595
1465	Npepl1	NA	0.495992489329816
1466	Npff	NA	-4.30887335753399
1467	Npnt	NA	-0.601257272308033
1468	Nprl2	NA	0.521857216207352
1469	Nr1h2	NA	0.680770104961284
1470	Nr2c2ap	NA	0.555088117856163
1471	Nr3c1	NA	-0.525690967100687
1472	Nras	NA	-0.386955397888145
1473	Nrg4	NA	-4.87826787827151
1474	Nron	NA	-1.48207261652325
1475	Nrp	NA	-1.09855407141249
1476	Nrp1	NA	-0.71345515803432
1477	Nsd1	NA	-0.643153278379917
1478	Nsfl1c	NA	0.295181653722181
1479	Nsun4	NA	0.418141562315491
1480	Nt5dc2	NA	0.525180375933251
1481	Ntmt1	NA	0.530995336375238
1482	Nuak2	NA	0.663446424319275
1483	Nubp2	NA	0.276280319527363
1484	Nucb1	NA	0.525574945050125
1485	Nucks1	NA	-0.758311371308653
1486	Nudt1	NA	0.621189150849185
1487	Nudt7	NA	-0.42129384997353
1488	Nufip2	NA	-0.606342223237655
1489	Nup153	NA	-0.383306118471319
1490	Nup210l	NA	-2.09350637954905
1491	Nup37	NA	-0.648117360434482
1492	Nup88	NA	0.267568566527258
1493	Nvl	NA	-0.648076829647684
1494	Oaf	NA	-0.440527921575368
1495	Oas1a	NA	-0.675266357234688
1496	Oasl2	NA	-0.730483501614658
1497	Odf2	NA	0.62115882267597
1498	Ogfrl1	NA	0.63897236866745
1499	Oip5	NA	-5.08301018645362
1500	Olfm4	NA	-2.26809690959748
1501	Olfml3	NA	-0.337705615252648
1502	Omg	NA	-5.62512601561515
1503	Opa3	NA	0.670610025567708
1504	Orc6	NA	-0.784636967358111
1505	Orm1	NA	-5.29338058839513
1506	Ormdl1	NA	-0.489007459836766
1507	Ormdl3	NA	0.448254217370161
1508	Os9	NA	0.391693687984418
1509	Osbpl2	NA	0.277606015127928
1510	Osbpl8	NA	-0.611568279960743
1511	Osgin1	NA	1.01380828640833
1512	Osm	NA	0.611282381488302
1513	Otub1	NA	0.411187986835882
1514	Otud1	NA	-0.583115800902974
1515	Otud3	NA	1.28539869627031
1516	Otud4	NA	-0.619748951253297
1517	Ovca2	NA	-0.306724990509576
1518	P2rx1	NA	-0.607936380680288
1519	P3h1	NA	0.93970915765883
1520	Pa2g4	NA	0.348156887725357
1521	Padi2	NA	0.581645738046738
1522	Padi4	NA	-5.64517318585926
1523	Paf1	NA	0.528443592857985
1524	Pafah1b1	NA	-0.384993510953958
1525	Pank3	NA	-0.783439823362055
1526	Papss1	NA	0.286579779122487
1527	Papss2	NA	-5.71147315273277
1528	Pard3b	NA	-0.764071051237189
1529	Parp1	NA	0.438715906009128
1530	Parp11	NA	-0.663521096067209
1531	Parp14	NA	-0.48378142961358
1532	Parp4	NA	-0.898297513671992
1533	Parpbp	NA	-5.85573929408863
1534	Particl	NA	-0.974516482320088
1535	Paxbp1	NA	-0.676792308504912
1536	Pbrm1	NA	-0.429166337951211
1537	Pbxip1	NA	0.570600430866253
1538	Pcdhga12	NA	-0.871634109274638
1539	Pcdhga6	NA	-5.25236134770702
1540	Pcdhga9	NA	-3.94018216927087
1541	Pced1a	NA	0.755514099550079
1542	Pcf11	NA	-0.598968962954662
1543	Pck2	NA	0.599696542851671
1544	Pcm1	NA	-0.836911690242661
1545	Pcmtd1	NA	-0.425550905548609
1546	Pcp4	NA	-0.952733278322787
1547	Pcyox1	NA	0.374631417489088
1548	Pdcd1	NA	-1.0083798670048
1549	Gatd1	NA	0.385705901104564
1550	Pde4a	NA	0.667745992800539
1551	Pdik1l	NA	-0.485784939052962
1552	Pdk2	NA	0.681847429016596
1553	Pdpk1	NA	-0.486197690912508
1554	Pds5a	NA	-1.06774491552806
1555	Pdxdc1	NA	0.304523786431247
1556	Pdzd4	NA	-2.44883121020167
1557	Pdzd8	NA	-0.411714131878055
1558	Pdzd9	NA	-5.47163366853673
1559	Peak1	NA	-0.861340592651381
1560	Pef1	NA	0.244150477199268
1561	Per1	NA	1.0177294207418
1562	Per3	NA	-1.0613395636177
1563	Pes1	NA	0.347935876719137
1564	Pex14	NA	0.450600422179754
1565	Pex19	NA	0.236866086925289
1566	Pfdn4	NA	-0.516001608906589
1567	Pfdn5	NA	-0.457886945409604
1568	Pfdn6	NA	0.439563237852236
1569	Pgd	NA	0.336862276467845
1570	Pglyrp1	NA	-8.90084327549497
1571	Pgm1	NA	-0.384872488343409
1572	Pgrmc1	NA	-0.303784978119438
1573	Pgs1	NA	0.445912364233164
1574	Phb	NA	0.407517306394041
1575	Phc3	NA	-1.09710730812387
1576	Phf1	NA	0.705291161876635
1577	Phf11b	NA	-0.42249428543459
1578	Phf14	NA	-0.883308694177807
1579	Phf6	NA	-0.826261060582333
1580	Phip	NA	-0.657926132883883
1581	Phkb	NA	-0.442674196506219
1582	Phldb3	NA	-3.04881063212846
1583	Phospho1	NA	-1.82570691755922
1584	Phtf1os	NA	-1.6693850958148
1585	Phxr4	NA	-2.4940498604502
1586	Pias2	NA	-0.448250484106682
1587	Pigg	NA	-0.642357769798315
1588	Pigh	NA	-0.384341038745005
1589	Pigm	NA	-0.506480055067871
1590	Pign	NA	-1.00411340771007
1591	Pigp	NA	-0.581556845984931
1592	Pik3c2a	NA	-0.785863948543716
1593	Pik3c3	NA	0.341090165080599
1594	Pik3cd	NA	0.489525133454408
1595	Pik3r1	NA	-0.418268464856585
1596	Pik3r2	NA	0.701262725569878
1597	Pikfyve	NA	-0.662466199628641
1598	Pim1	NA	1.99558438324798
1599	Pin1	NA	0.398878124090388
1600	Pisd	NA	0.262827305065505
1601	Pitpna	NA	0.28464886588319
1602	Pja1	NA	0.562296812104953
1603	Pla2g7	NA	1.03775366144163
1604	Plac8	NA	-1.15756823235794
1605	Plag1	NA	-4.88358015343069
1606	Plagl2	NA	-0.566877578513873
1607	Plcb4	NA	-3.83203835515001
1608	Plcg2	NA	0.508780218889933
1609	Plcl1	NA	-0.44759147580998
1610	Pld2	NA	0.668183057944603
1611	Pld4	NA	0.387685264238131
1612	Plekhb1	NA	-2.59038284501732
1613	Plekhh3	NA	1.12496112799998
1614	Plekhm3	NA	-0.502571247054762
1615	Plet1	NA	3.44645253738684
1616	Plin2	NA	0.547463191061951
1617	Plin3	NA	0.678771081483691
1618	Plk3	NA	0.619989771916995
1619	Pln	NA	-1.79846312305886
1620	Plod1	NA	0.291984123552369
1621	Plod3	NA	0.509094688199951
1622	Plxna4	NA	-0.693618482524765
1623	Pmepa1	NA	0.493008176721526
1624	Pmm1	NA	0.60712261678082
1625	Pnisr	NA	-1.06763904430522
1626	Pnpla2	NA	1.12691956740006
1627	Pnpla6	NA	0.689395501615906
1628	Podxl2	NA	1.17802330479835
1629	Pofut2	NA	0.539725442875826
1630	Pole	NA	-5.77509418547007
1631	Polm	NA	0.886329171554593
1632	Polq	NA	-4.42406290864419
1633	Polr1e	NA	0.693566216223827
1634	Polr2e	NA	0.380112461768661
1635	Polr2i	NA	0.503631197713326
1636	Polr2m	NA	0.308355427864798
1637	Polr3e	NA	0.412456916250576
1638	Polrmt	NA	0.812827312665185
1639	Pomgnt1	NA	0.451291364660508
1640	Pomgnt2	NA	0.751444227885227
1641	Pon3	NA	-0.506238256243247
1642	Por	NA	0.361450238738021
1643	Postn	NA	0.760883398308166
1644	Pot1b	NA	-0.648839487464467
1645	Plpp1	NA	-0.625172428873206
1646	Ppdpf	NA	0.681560610525724
1647	Ppfia4	NA	0.192825177611067
1648	Ppia	NA	-0.404605513890548
1649	Ppil2	NA	0.455941493496618
1650	Ppm1a	NA	-0.337451534337195
1651	Ppm1g	NA	0.270547450249367
1652	Ppm1h	NA	-0.321692987972578
1653	Ppm1k	NA	-0.568199716127247
1654	Ppp1cb	NA	-0.731035470186381
1655	Ppp1r12a	NA	-0.484975208331609
1656	Ppp1r14a	NA	-1.71711147598561
1657	Ppp1r15a	NA	0.824293602805311
1658	Ppp1r15b	NA	-0.48478358145804
1659	Ppp1r21	NA	0.617376638427106
1660	Ppp1r9a	NA	-0.73363081620781
1661	Ppp2r1a	NA	0.37627891046481
1662	Ppp2r5d	NA	0.557293878450728
1663	Ppp4r1l-ps	NA	-0.887176605023539
1664	Ppp5c	NA	0.607759790291977
1665	Pqbp1	NA	0.274826951303137
1666	Praf2	NA	0.598882336209933
1667	Prcp	NA	-0.305192461597229
1668	Prdm2	NA	-0.567863421441986
1669	Prdx4	NA	-0.34207291715837
1670	Prg4	NA	-4.13976469685891
1671	Prkab1	NA	0.45989425707655
1672	Prkaca	NA	0.337087391593011
1673	Prkacb	NA	-0.411603967145179
1674	Prkar1b	NA	-0.738054742621413
1675	Prkca	NA	-0.427901409915668
1676	Prkcd	NA	0.502505972616742
1677	Prkdc	NA	-1.04895452605064
1678	Thap12	NA	-0.485377583065711
1679	Prlr	NA	-5.11607543197568
1680	Prmt5	NA	0.464183790484704
1681	Procr	NA	0.890586879835338
1682	Prorsd1	NA	-0.489088575877784
1683	Proser1	NA	-0.352110671291434
1684	Proser3	NA	0.946424790116829
1685	Prpf31	NA	0.345048770364921
1686	Prpf39	NA	-0.878414329044993
1687	Prpf6	NA	0.456189848136418
1688	Prps1l3	NA	-0.512139314232851
1689	Prpsap1	NA	0.526604535425028
1690	Prr13	NA	0.531706412591976
1691	Prr14	NA	0.445797243564042
1692	Prr14l	NA	-0.786791697321518
1693	Prune2	NA	-0.900860897719614
1694	Psap	NA	0.601479729013012
1695	Psen1	NA	0.335542631253785
1696	Psmb10	NA	0.378555091475557
1697	Psmb5	NA	0.314051753546041
1698	Psmc1	NA	0.346534098674676
1699	Psmc2	NA	0.223985885806237
1700	Psmc3	NA	0.400564703237106
1701	Psmc4	NA	0.41196358027894
1702	Psmd11	NA	0.342960816278877
1703	Psmd3	NA	0.505240876603318
1704	Psmd4	NA	0.255268065835087
1705	Psmd8	NA	0.251274916483029
1706	Psme4	NA	-0.503782011035662
1707	Psmf1	NA	0.374066278294056
1708	Ptbp1	NA	0.332945613963541
1709	Ptbp3	NA	-0.596750032168752
1710	Ptcd1	NA	0.442948366038543
1711	Ptchd1	NA	-1.42381829402447
1712	Pten	NA	-0.392602619965443
1713	Ptges2	NA	0.480717592265782
1714	Pth1r	NA	-4.79503996239115
1715	Ptk2b	NA	0.455326771129745
1716	Ptov1	NA	0.45621169829503
1717	Ptp4a2	NA	-0.343419836024993
1718	Ptpn1	NA	0.289943080204323
1719	Ptprj	NA	-0.649180878224149
1720	Ptprm	NA	-0.383796832117827
1721	Puf60	NA	0.463569555538493
1722	Pum2	NA	-0.492568739647511
1723	Pura	NA	-0.505395115692324
1724	Purb	NA	-0.735409663763777
1725	Pvr	NA	0.775565566332087
1726	Pwwp2a	NA	-0.415624756258454
1727	Pycard	NA	-0.221779616244658
1728	Ifi208	NA	-4.43444517027191
1729	Pygl	NA	-1.00477464563605
1730	Qk	NA	-0.781665478373429
1731	Rab11b	NA	0.45896552488962
1732	Rab11fip2	NA	-0.742980921661961
1733	Rab12	NA	-0.221173362368469
1734	Rab20	NA	-0.544883205026952
1735	Rab21	NA	-0.323381451532276
1736	Rab24	NA	-0.499354891961951
1737	Rab33b	NA	-0.652213140246695
1738	Rab3d	NA	0.490879285587985
1739	Rab3il1	NA	0.256036018220987
1740	Rab4b	NA	0.357342562552618
1741	Rab7	NA	0.218846602569232
1742	Rabac1	NA	0.286373950175479
1743	Rac3	NA	0.687626702596462
1744	Rad23a	NA	0.263960258463711
1745	Rad51b	NA	-1.68999715766944
1746	Rad54l	NA	-1.51450741790012
1747	Rae1	NA	0.359745581253734
1748	Ralgapa1	NA	-0.989358464980455
1749	Raly	NA	1.05036217479968
1750	Ranbp2	NA	-0.846054125117668
1751	Ranbp3	NA	0.475138114007901
1752	Ranbp6	NA	-0.810043991436268
1753	Rap2c	NA	-0.646181735323455
1754	Rapgef5	NA	-0.623187607066814
1755	Rasa3	NA	0.390306918704983
1756	Rasgef1b	NA	0.300794366286415
1757	Rasgrp4	NA	0.699341868066753
1758	Rasl2-9	NA	-1.36780494330554
1759	Rassf2	NA	0.389430555708045
1760	Rassf4	NA	-0.438669578164193
1761	Rbl1	NA	-0.493564750854281
1762	Rbm12	NA	-0.590639957309654
1763	Rbm12b2	NA	-0.694687460369432
1764	Rbm20	NA	-2.55597155316712
1765	Rbm27	NA	-0.431664808207559
1766	Rbm42	NA	0.633593638545244
1767	Rbm43	NA	0.428664268351099
1768	Rbm47	NA	-0.349437262765727
1769	Rbm7	NA	-0.470391518532499
1770	Rc3h1	NA	-0.798461168348871
1771	Rc3h2	NA	-1.26481254833179
1772	Rcan3	NA	-0.539301085866402
1773	Rcbtb2	NA	0.36758707403778
1774	Rcsd1	NA	0.414769978503752
1775	Rdh5	NA	-1.71190730392241
1776	Reep3	NA	-0.369415498819056
1777	Rel	NA	-0.872844395485273
1778	Rela	NA	0.26202397086327
1779	Relb	NA	-0.594793240085666
1780	Reps1	NA	0.311133632662853
1781	Reps2	NA	-3.90873820913286
1782	Rexo4	NA	0.61219962008142
1783	Rfng	NA	0.985723159058715
1784	Cop1	NA	-0.590823471965658
1785	Rgs1	NA	1.21396886629214
1786	Rgs12	NA	-1.04293068112428
1787	Rgs14	NA	0.7773878998102
1788	Rgs19	NA	0.288551019498798
1789	Rhbdf1	NA	0.58837377426632
1790	Rhd	NA	-2.69277009891114
1791	Rheb	NA	-0.372182158596429
1792	Rhoc	NA	0.608309215993466
1793	Rhog	NA	0.466224323634543
1794	Ric1	NA	-1.43639548510332
1795	Ric3	NA	-0.535512498239433
1796	Rictor	NA	-0.405286400063559
1797	Rif1	NA	-0.558717191100323
1798	Rin3	NA	0.756970729719165
1799	Rinl	NA	0.36710673704675
1800	Rlf	NA	-0.66822592330871
1801	Rlim	NA	-0.88917577732175
1802	Rmnd5b	NA	0.262216124155189
1803	Rn45s	NA	-1.36735298389095
1804	Rnase4	NA	0.547598418909142
1805	Rnasek	NA	0.411334421595032
1806	Rnaset2b	NA	-0.291266026027611
1807	Rnf10	NA	0.473197724996655
1808	Rnf111	NA	-0.423819090410505
1809	Rnf130	NA	-0.187122746522364
1810	Rnf166	NA	0.643966807375861
1811	Rnf19a	NA	-0.48410221224564
1812	Rnf214	NA	-0.606596782300581
1813	Rnf220	NA	0.590568665990981
1814	Rnf25	NA	0.593392300545958
1815	Rnf34	NA	-0.250583546230151
1816	Rnf7	NA	-0.460331925948383
1817	Rnpc3	NA	-0.529738167105327
1818	Rnpep	NA	0.551645920178607
1819	Rock1	NA	-0.460033016280231
1820	Rock2	NA	-0.374760021730639
1821	Rogdi	NA	0.528463651156534
1822	Rp2	NA	-0.696342069460068
1823	Rpia	NA	-1.21298455032232
1824	Rpl12	NA	-1.60275448329802
1825	Rpl14-ps1	NA	-0.983060729303724
1826	Rpl22	NA	-0.565989253081202
1827	Rpl27a	NA	-0.589926989489928
1828	Rpl3	NA	-0.578271844014697
1829	Rpl32	NA	-0.492382213190382
1830	Rpl39	NA	-0.798550313303876
1831	Rpl41	NA	-0.550608372157541
1832	Rpl7	NA	-0.44948669828708
1833	Rplp0	NA	-0.296428159868298
1834	Rprd2	NA	-0.442735005868486
1835	Rps14	NA	-0.449943774348753
1836	Rps20	NA	-0.847665993971121
1837	Rps25	NA	-0.620592616697122
1838	Rps3a1	NA	-0.485504052061614
1839	Rps6	NA	-0.584949838678203
1840	Rps9	NA	-0.39961771394418
1841	Rpusd3	NA	0.730297504133641
1842	Rraga	NA	-0.321735222655827
1843	Rrp1	NA	0.463754109839215
1844	Rrp7a	NA	0.59042876924784
1845	Rsbn1	NA	-0.569624458555747
1846	Rsl1d1	NA	0.28742141255584
1847	Rspo1	NA	1.03418793335545
1848	Rspry1	NA	-0.445086200497791
1849	Rtcb	NA	0.508893434888532
1850	Rtf2	NA	0.294340265907664
1851	Rtkn2	NA	-4.69875813231629
1852	Rtp4	NA	-0.742465021148551
1853	Rttn	NA	-0.724710984276228
1854	Rufy2	NA	-0.717946593945254
1855	Rundc1	NA	0.412357848897059
1856	Ruvbl2	NA	0.404553823848329
1857	Rxrb	NA	0.332779787252198
1858	S100a10	NA	0.724955918520629
1859	S100a8	NA	-11.4241797803932
1860	S100a9	NA	-10.4914540294744
1861	Safb	NA	0.568769115290895
1862	Samsn1	NA	-0.395257744043192
1863	Sap30bp	NA	0.464363536504466
1864	Sars	NA	0.309676661330781
1865	Sash3	NA	0.341023714341142
1866	Sbf2	NA	-0.400798483823189
1867	Scand1	NA	0.76049590561673
1868	Sclt1	NA	-0.658698446748532
1869	Scmh1	NA	0.450499375366297
1870	Scyl1	NA	0.568036389346433
1871	Sdad1	NA	-0.657670476969814
1872	Sdc4	NA	-0.640900803655324
1873	Sdha	NA	0.218195299514057
1874	Sec13	NA	0.210789809874208
1875	Sec16a	NA	-0.699169733056418
1876	Sec23b	NA	0.343985338564652
1877	Sec62	NA	0.361893904006526
1878	Selenbp1	NA	0.704508497829924
1879	Selplg	NA	0.553516305356461
1880	Sema3c	NA	6.41970214272348
1881	Senp7	NA	-0.478734525450673
1882	Selenop	NA	-0.268213134893196
1883	Sept2	NA	-0.48068502091642
1884	Serpinb12	NA	-5.98853675657678
1885	Serpinb1a	NA	-8.38810177574268
1886	Serpine2	NA	-0.359561991943978
1887	Setd2	NA	-0.530230404103168
1888	Setd5	NA	-0.671634109544145
1889	Setdb2	NA	-0.738382141309624
1890	Sez6l	NA	-4.45131927410641
1891	Sf1	NA	0.408031323622156
1892	Sf3a2	NA	0.610839641426064
1893	Sf3a3	NA	0.356667223151143
1894	Sf3b2	NA	0.432625152396466
1895	Sf3b4	NA	0.508905066027185
1896	Sfmbt1	NA	-0.441670281398118
1897	Sft2d3	NA	-0.547062896810906
1898	Sgcb	NA	-0.372709858187523
1899	Sgms2	NA	-5.39726793186098
1900	Sgpl1	NA	-0.273771802352925
1901	Sgsm3	NA	0.734421228954216
1902	Sgta	NA	0.395046061274779
1903	Sh2b3	NA	0.448359122645251
1904	Sh3bp1	NA	0.546285872329441
1905	Sh3bp5	NA	0.556918055700713
1906	Sh3bp5l	NA	0.56363813647033
1907	Sharpin	NA	0.486958111832285
1908	Shcbp1l	NA	-6.02938267557345
1909	Shkbp1	NA	0.471697850130915
1910	Shmt2	NA	0.333429579381186
1911	Shprh	NA	-0.818310609260886
1912	Siah1a	NA	-0.568113803159915
1913	Siah1b	NA	-0.737607264924406
1914	Sigmar1	NA	0.450978777333332
1915	Sipa1	NA	0.938481009504719
1916	Sipa1l1	NA	-0.454973680151975
1917	Sirt2	NA	0.654469769335268
1918	Skil	NA	-0.465568399380263
1919	Skiv2l	NA	0.544174291711172
1920	Slamf8	NA	-0.737445610854981
1921	Slamf9	NA	-0.737468489762883
1922	Slc10a1	NA	-2.22219153394385
1923	Slc11a1	NA	0.267042915130245
1924	Slc12a2	NA	-0.922402695624316
1925	Slc13a3	NA	0.783548465765768
1926	Slc16a10	NA	-1.25942717000565
1927	Slc1a4	NA	-0.746041734953255
1928	Slc1a5	NA	1.04132500460508
1929	Slc25a1	NA	0.493525525524824
1930	Slc25a17	NA	0.352391229247521
1931	Slc25a26	NA	0.533988902912413
1932	Slc25a36	NA	-0.718281456060654
1933	Slc25a42	NA	1.02018880376628
1934	Slc29a1	NA	-0.36251774022042
1935	Slc2a10	NA	1.09780569466216
1936	Slc2a12	NA	-5.86910060754905
1937	Slc2a3	NA	0.818108328797985
1938	Slc2a4rg-ps	NA	-1.35733671043019
1939	Slc30a1	NA	-0.613028141710418
1940	Slc30a4	NA	-0.533854809537712
1941	Slc30a7	NA	-0.344590969695475
1942	Slc35a3	NA	-0.74531909604172
1943	Slc35c2	NA	0.281262632504847
1944	Slc35e2	NA	-0.639210058637687
1945	Slc38a7	NA	0.375226081974319
1946	Slc39a1	NA	-0.64806125878517
1947	Slc39a3	NA	0.494945996052548
1948	Slc39a4	NA	-1.37319334493793
1949	Slc39a8	NA	-0.496422373924233
1950	Slc39a9	NA	-0.381807949596443
1951	Slc3a2	NA	0.266592187641865
1952	Slc43a3	NA	-1.89956072259684
1953	Slc44a1	NA	-0.530921554961197
1954	Slc48a1	NA	0.264209763368082
1955	Slc4a7	NA	-0.561506171079165
1956	Slc5a3	NA	-1.83165285963342
1957	Slc6a6	NA	0.241027619015247
1958	Slc7a1	NA	-0.589434498117692
1959	Slc7a5	NA	-0.471934843793204
1960	Slc7a7	NA	0.227399156692156
1961	Slc8a1	NA	-0.863144583445133
1962	Slc9a3r1	NA	0.601828899420923
1963	Slc9a3r2	NA	1.46922087790387
1964	Slc9a6	NA	-0.633139654729063
1965	Slc9a7	NA	-0.821976439002779
1966	Slco1c1	NA	-5.14886199127248
1967	Slfn2	NA	-0.538554145644869
1968	Slk	NA	-0.415320128418613
1969	Slu7	NA	0.368026008482128
1970	Smad3	NA	-0.486259971942079
1971	Smad5	NA	-0.833838801536944
1972	Smarcc1	NA	-0.366655513462505
1973	Smc1a	NA	0.433951886247727
1974	Smc2	NA	-0.514231702489247
1975	Smc5	NA	-0.854390220533888
1976	Smchd1	NA	-0.557970567529246
1977	Smco1	NA	-5.13701593006006
1978	Smcr8	NA	-0.690172924523421
1979	Smg1	NA	-1.22174732356377
1980	Smg7	NA	-0.267582580543875
1981	Smim10l1	NA	-0.491257781238274
1982	Smim3	NA	0.549215451571836
1983	Smn1	NA	0.472246501266483
1984	Smpd1	NA	0.297867470901228
1985	Smpd2	NA	0.58537526108924
1986	Snap25	NA	-1.61419577976188
1987	Snapc1	NA	-0.812914317143221
1988	Snd1	NA	0.396373416284851
1989	Snf8	NA	-0.352665863822644
1990	Snhg10	NA	-1.62971082685813
1991	Snhg7	NA	-1.07677460352553
1992	Snora28	NA	-1.43229002401844
1993	Snora43	NA	-3.28326242931572
1994	Snora65	NA	-3.13628561476824
1995	Snora81	NA	-4.31317496921213
1996	Snord17	NA	-2.00129426215941
1997	Snord95	NA	-2.90111709829049
1998	Snrpb	NA	0.430099871364577
1999	Snrpc	NA	0.671799430014422
2000	Snx1	NA	0.282832511692318
2001	Snx13	NA	-0.52352621966846
2002	Snx15	NA	0.405896343071756
2003	Snx29	NA	-1.198586775067
2004	Snx6	NA	-0.292795395117807
2005	Snx7	NA	-0.650472003171032
2006	Socs6	NA	-0.464748230865133
2007	Son	NA	-0.374033278245826
2008	Sos1	NA	-0.470697672635092
2009	Sowahc	NA	-0.396603537764259
2010	Sp1	NA	-0.521905268678746
2011	Sp2	NA	0.542373361721968
2012	Sp4	NA	-0.637790783505439
2013	Spag5	NA	-6.19679272377156
2014	Spag9	NA	-0.452267152603403
2015	Spata1	NA	-0.893293865799735
2016	Spata2l	NA	0.641238498055087
2017	Spcs3	NA	-0.477818090256475
2018	Spdl1	NA	-2.54830561424215
2019	Sphk2	NA	0.468062026625872
2020	Spi1	NA	0.517540201694608
2021	Spice1	NA	0.901456760732228
2022	Spns3	NA	-0.78798666782188
2023	Spop	NA	0.313858842556084
2024	Spopl	NA	-0.785110299083308
2025	Sppl2a	NA	-0.659563490193877
2026	Sppl2b	NA	0.573217164583686
2027	Spr	NA	0.510063639683014
2028	Spred1	NA	-0.639835692146544
2029	Spryd3	NA	0.417702096166651
2030	Spsb1	NA	0.643213436002755
2031	Sqstm1	NA	0.434197155443829
2032	Srcap	NA	-1.05972812605917
2033	Srp68	NA	0.423004792085461
2034	Srrm2	NA	-0.36469736734012
2035	Srrt	NA	0.672236959256927
2036	Ssbp2	NA	0.69795155435529
2037	Ssbp3	NA	0.488163527625314
2038	Ssr3	NA	-0.401555459590346
2039	St14	NA	0.702052970922806
2040	St7	NA	-0.46410433060944
2041	St8sia6	NA	-1.11827771216267
2042	Stag1	NA	-0.517790142715222
2043	Stam	NA	-0.485280344205466
2044	Stard3nl	NA	-0.625843269579754
2045	Stat1	NA	-0.529306391336288
2046	Stat3	NA	0.378165009194808
2047	Stat6	NA	0.496243203265696
2048	Stil	NA	-7.87229941370571
2049	Stk11	NA	0.783657304746776
2050	Strada	NA	0.360192929820598
2051	Strip1	NA	0.382921566780711
2052	Strn4	NA	0.521475309926051
2053	Stxbp2	NA	0.393525061706396
2054	Styx	NA	-1.70892809425561
2055	Suco	NA	-0.576895113603224
2056	Sufu	NA	0.418545448136863
2057	Sugct	NA	-2.91117857854487
2058	Sugp1	NA	0.553705732666693
2059	Sugp2	NA	-0.801076026510587
2060	Suox	NA	0.499084813153149
2061	Supt16	NA	-0.809976399606775
2062	Surf2	NA	0.503252674667521
2063	Susd6	NA	-0.432523872629192
2064	Kmt5b	NA	-0.321415192210508
2065	Kmt5c	NA	0.738733640066113
2066	Suz12	NA	-0.551009551563569
2067	Sycp3	NA	-1.40859690798995
2068	Syk	NA	0.426485880556218
2069	Syncrip	NA	-0.408953033204808
2070	Syngr1	NA	-0.321831830544498
2071	Syp	NA	0.968833527891011
2072	Sypl	NA	-0.388665650375572
2073	Syt11	NA	0.65194173855667
2074	Syt3	NA	1.12060007319732
2075	Tacc1	NA	-0.221816635932716
2076	Taf15	NA	-1.72346476102177
2077	Taf1a	NA	0.773940646215389
2078	Taf1d	NA	-0.737619383869956
2079	Tagap	NA	0.543397677724081
2080	Tagln2	NA	0.431746373065353
2081	Taldo1	NA	0.279379539821678
2082	Tanc2	NA	-0.654507365234808
2083	Taok1	NA	-0.710270903891363
2084	Tapbpl	NA	0.427626520051529
2085	Tapt1	NA	-0.365270413738661
2086	Tbc1d17	NA	0.33666047759119
2087	Tbc1d24	NA	-0.896976246614288
2088	Tbc1d25	NA	0.700175824562718
2089	Tbcb	NA	0.317684842816368
2090	Tbl1xr1	NA	-0.709969768555031
2091	Tbrg3	NA	-2.40985562402208
2092	Tceanc	NA	-0.572597174717107
2093	Tcn2	NA	0.611350936636113
2094	Tcof1	NA	0.980863656824067
2095	Tcp11l2	NA	0.549182018733395
2096	Tdp1	NA	0.394999378929996
2097	Tecr	NA	0.338814599875817
2098	Tef	NA	-0.539866544616058
2099	Tep1	NA	-0.366359865559469
2100	Tet2	NA	-1.26118601996908
2101	Tex12	NA	-1.08321703994397
2102	Tex261	NA	0.255041103080485
2103	Tex264	NA	0.599030782799408
2104	Tfdp1	NA	-0.474311940459697
2105	Tfe3	NA	0.388567673638175
2106	Tfg	NA	0.322046403754008
2107	Tgfbr1	NA	-0.748528292916043
2108	Tgfbr2	NA	-0.406789168163774
2109	Tgif1	NA	0.372931181154994
2110	Thap7	NA	0.486919940973752
2111	Themis2	NA	0.298433936736761
2112	Thoc2	NA	-0.561918421162169
2113	Thsd1	NA	1.00982137926015
2114	Tia1	NA	-0.919685510577653
2115	Tiam1	NA	-1.85861085967982
2116	Tigar	NA	0.58691988543002
2117	Timeless	NA	-1.69996046572748
2118	Tiparp	NA	-0.572489795719324
2119	Tk1	NA	-1.38862071567438
2120	Tkt	NA	0.401756292914509
2121	Tlr2	NA	-0.505780150380257
2122	Tlr3	NA	-0.408649988108456
2123	Tlr4	NA	-0.55428910322714
2124	Tlr5	NA	-0.788217216053705
2125	Tm2d1	NA	-0.473897563257949
2126	Tm6sf1	NA	0.38667349449127
2127	Tm9sf3	NA	-0.397535701611335
2128	Tmbim1	NA	0.398841633415414
2129	Tmed10	NA	-0.370799344271234
2130	Tmed2	NA	-0.327584037249515
2131	Tmed7	NA	-0.514312455787011
2132	Tmed8	NA	-1.0139492471872
2133	Tmem104	NA	0.446542143347575
2134	Tmem106a	NA	0.342526151743072
2135	Tmem106b	NA	-0.616593572172323
2136	Tmem127	NA	0.40271587798826
2137	Tmem128	NA	-0.620365885309416
2138	Tmem144	NA	-0.439204968252111
2139	Tmem161a	NA	0.554918005349177
2140	Tmem170b	NA	-0.419001270769898
2141	Tmem173	NA	0.199809034301705
2142	Tmem178	NA	-4.93765935177048
2143	Tmem185b	NA	-0.263828021575878
2144	Tmem189	NA	0.329425506265646
2145	Tmem214	NA	0.388380948562459
2146	Tmem218	NA	-0.563714247823845
2147	Tmem220	NA	-0.87522861069745
2148	Tmem243	NA	-0.404112080714134
2149	Tmem263	NA	-0.744893752197831
2150	Tmem30a	NA	-0.570204651405852
2151	Tmem40	NA	-3.36546995739821
2152	Tmem41b	NA	-0.394077476093132
2153	Tmem59l	NA	-5.38894529277105
2154	Tmem63b	NA	0.698854820492707
2155	Tmem64	NA	-0.654946393690792
2156	Tmem65	NA	-0.506026262328966
2157	Tmem79	NA	0.968764259140718
2158	Tmem87a	NA	-0.758949823716224
2159	Tmem9b	NA	-0.263921183423823
2160	Tmf1	NA	-0.643300820056388
2161	Tmod1	NA	1.71774316721448
2162	Tmtc3	NA	-0.660784990200575
2163	Tmtc4	NA	-0.920312233247956
2164	Tmub1	NA	0.357168358522491
2165	Tmx1	NA	-0.440401358690156
2166	Tmx4	NA	-0.560135411822619
2167	Tnfaip1	NA	0.2843792902707
2168	Tnfaip3	NA	-0.442071405152507
2169	Tnfaip8l2	NA	0.458230708037001
2170	Tnfrsf17	NA	-0.831361375056665
2171	Tnfrsf1a	NA	0.329368276750924
2172	Tnfsf12	NA	0.789840167868536
2173	Tnfsf13	NA	0.755760900524093
2174	Tnpo1	NA	-0.595922970059289
2175	Tns3	NA	-0.690204350851844
2176	Tomm40	NA	0.498937147566543
2177	Tomt	NA	-1.44494700496211
2178	Top1mt	NA	0.702642897775156
2179	Tor1aip2	NA	-0.264227620450143
2180	Tpgs1	NA	0.639347233845205
2181	Tpm3	NA	0.271264492149303
2182	Tpmt	NA	-1.09833998499263
2183	Tpra1	NA	0.278579920882562
2184	Tprgl	NA	0.354340096552437
2185	Tpt1	NA	-0.689953670379265
2186	Tra2b	NA	-0.600652521751099
2187	Traf2	NA	0.449619875197013
2188	Tram1	NA	-0.455038453906265
2189	Trap1	NA	0.495242177667654
2190	Trem3	NA	-7.39500915291548
2191	Trf	NA	0.516910978157363
2192	Trim11	NA	0.491322820043851
2193	Trim25	NA	-0.486607635407874
2194	Trio	NA	-0.994726205817292
2195	Triobp	NA	0.536887081908404
2196	Trip10	NA	0.880995007249353
2197	Trip11	NA	-0.701937744903445
2198	Trmt1	NA	0.48715315709262
2199	Trmt10c	NA	-0.58560792382638
2200	Trmt12	NA	-0.277119796627565
2201	Trmt13	NA	-0.950234289720763
2202	Trmt2a	NA	0.438686785691547
2203	Ro60	NA	-0.611162437916427
2204	Trp53	NA	0.24712184447912
2205	Trp53bp1	NA	-0.563964078800064
2206	Trp53cor1	NA	-0.989695934970828
2207	Trpc4ap	NA	0.274253660843375
2208	Trpm7	NA	-0.605514692836415
2209	Trps1	NA	-1.59735341388069
2210	Trpv2	NA	0.533767927041016
2211	Trpv4	NA	1.01589872863744
2212	Tsc22d1	NA	0.759203206371773
2213	Tsc22d3	NA	1.16962690330667
2214	Tsen2	NA	0.402339254944195
2215	Tspan4	NA	-0.349794475824369
2216	Tspo	NA	0.577627019589269
2217	Tspyl1	NA	-0.427833767330436
2218	Tsr3	NA	0.525542011106967
2219	Ttc13	NA	0.319463598418985
2220	Ttc14	NA	-0.794964647290646
2221	Ttc8	NA	-0.712220659651996
2222	Ttll5	NA	-0.854877442073701
2223	Tuba1a	NA	0.517464431925532
2224	Tuba8	NA	-4.54746927491026
2225	Tubg1	NA	0.603259888811033
2226	Tug1	NA	-0.81245462148583
2227	Tulp4	NA	-1.16441195091916
2228	Tvp23b	NA	-0.383695059383048
2229	Twistnb	NA	-0.348746801438849
2230	Txlna	NA	0.602169597624178
2231	Txlng	NA	0.553272269685733
2232	Txndc5	NA	0.40187246619918
2233	U2af1l4	NA	0.6157204647268
2234	Uba5	NA	0.347590417895542
2235	Ubald1	NA	0.76117838676003
2236	Ubap2	NA	0.470868354118425
2237	Ubc	NA	0.364907716969548
2238	Ube2f	NA	-0.315814951051904
2239	Ube2m	NA	0.404896598678891
2240	Ube2q2	NA	-0.333352862808716
2241	Ube2r2	NA	0.505566608237047
2242	Ube2v1	NA	0.404794809459136
2243	Ube2w	NA	-0.508929991378102
2244	Ube3a	NA	-0.482843452873708
2245	Ube3c	NA	-0.384963525030722
2246	Ubiad1	NA	-0.283441002806678
2247	Ubl7	NA	0.393506794106402
2248	Ubn2	NA	-0.787351299766041
2249	Ubox5	NA	-0.555006886582686
2250	Ubqln4	NA	0.567009333055157
2251	Ubr3	NA	-0.513664907200658
2252	Ubr4	NA	-0.81423813911483
2253	Ubr5	NA	-0.786894611476719
2254	Uchl4	NA	-1.98423992528206
2255	Uckl1os	NA	-2.56449481699151
2256	Ucp2	NA	1.06738721864714
2257	Ufd1	NA	0.462629060691587
2258	Ugt1a7c	NA	-0.339441462688048
2259	Uhmk1	NA	-0.939181583825583
2260	Unc45a	NA	0.97436236969649
2261	Uqcc1	NA	0.52346446229398
2262	Uqcrc1	NA	0.265536192867864
2263	Urb1	NA	-0.627188900238488
2264	Urod	NA	0.483498576163655
2265	Uros	NA	-0.50729347743062
2266	Usf1	NA	0.432400662204502
2267	Usp18	NA	-0.590559090048661
2268	Usp19	NA	0.701618007302512
2269	Usp25	NA	-0.3750559476736
2270	Usp32	NA	-0.610555455960048
2271	Usp34	NA	-1.05166560016845
2272	Usp37	NA	-0.717712321807882
2273	Usp39	NA	0.405863626900075
2274	Usp45	NA	-0.734231074358902
2275	Usp5	NA	0.484910693139363
2276	Usp7	NA	-0.395047141625082
2277	Usp9x	NA	-1.23281452979997
2278	Utp14a	NA	0.539173805087161
2279	Utrn	NA	-1.81073994006493
2280	Vac14	NA	0.456767256092818
2281	Vamp1	NA	-0.960474761271487
2282	Vamp3	NA	-0.33319292012577
2283	Vamp7	NA	-0.622094946669165
2284	Vcp	NA	0.312856086151564
2285	Vcpip1	NA	-0.801878715553893
2286	Vdac1	NA	-0.443523405287391
2287	Vhl	NA	-0.34463698709832
2288	Vkorc1l1	NA	-0.769796606015337
2289	Vps13a	NA	-1.64831945842384
2290	Vps13b	NA	-1.2565499890232
2291	Vps13c	NA	-1.80820672820977
2292	Vps13d	NA	-1.30246849346559
2293	Vps25	NA	0.278797956127257
2294	Vps37a	NA	-0.500856602055473
2295	Vps37d	NA	1.99262644034092
2296	Vps72	NA	0.41838910929954
2297	Vrk3	NA	0.40123245710608
2298	Ints14	NA	0.391650372447347
2299	Wapl	NA	-0.532025339969771
2300	Wasf2	NA	-0.385960875647424
2301	Wbp11	NA	0.447158736781948
2302	Wbp1l	NA	0.519025975442017
2303	Wbp2	NA	0.670974165241624
2304	Bud23	NA	0.403365985162778
2305	Wdfy3	NA	-0.488054293239964
2306	Wdr18	NA	0.524476113122211
2307	Wdr37	NA	-0.420846422191472
2308	Wdr44	NA	-0.447172363843923
2309	Wdr45	NA	0.745135860266319
2310	Wdr46	NA	0.535186360212319
2311	Wdr60	NA	-1.1600940488023
2312	Wdr70	NA	0.5369497929711
2313	Wdr8	NA	0.469345891679696
2314	Wdr83	NA	0.746469882753948
2315	Wdr91	NA	0.722451023532394
2316	Wee1	NA	-4.36154787172063
2317	Wfdc21	NA	-9.15828745657471
2318	Wnk1	NA	-0.729177620638037
2319	Wnk3	NA	-2.47608273515754
2320	Wrap53	NA	0.567531450585107
2321	Wrn	NA	-0.906907801980463
2322	Wsb1	NA	-0.649145971228966
2323	Wscd1	NA	-0.762103874435219
2324	Xab2	NA	0.410783224819534
2325	Xk	NA	-1.33398238372641
2326	Xpnpep1	NA	0.326728597002756
2327	Xpo1	NA	-0.518447197199041
2328	Xpr1	NA	-0.991245647215407
2329	Xrcc6	NA	0.449753462224099
2330	Xrn1	NA	-0.70524909186619
2331	Xylb	NA	0.618880234363044
2332	Ybx3	NA	0.552807027286721
2333	Yes1	NA	-0.704880254290563
2334	Yipf3	NA	0.517963903085218
2335	Ykt6	NA	-0.291341483142013
2336	Yod1	NA	-1.1022952704704
2337	Ypel3	NA	0.619774379478298
2338	Ythdf3	NA	-0.593480823525013
2339	Zbed3	NA	0.491171711812363
2340	Zbed5	NA	-0.917294505832412
2341	Zbed6	NA	-1.10132031371628
2342	Zbtb1	NA	-0.384689353011796
2343	Zbtb18	NA	-0.41487750997274
2344	Zbtb26	NA	-0.943320444364503
2345	Zbtb34	NA	-0.714515316847862
2346	Zbtb4	NA	-0.38912621655585
2347	Zbtb41	NA	-1.15908855652395
2348	Zbtb43	NA	-0.531234280034717
2349	Zbtb5	NA	-0.734819302302805
2350	Zbtb9	NA	-0.591617919893845
2351	Zc3h12c	NA	-0.736657596120918
2352	Zcchc24	NA	-0.331633967698875
2353	Zdhhc12	NA	0.549361171161019
2354	Zdhhc21	NA	-1.03222437945649
2355	Zdhhc9	NA	0.2793526638953
2356	Zfand2b	NA	0.539974865029625
2357	Zfc3h1	NA	-1.10347187060292
2358	Zfhx4	NA	5.54372406877394
2359	Zfp11	NA	-1.22045744087124
2360	Zfp113	NA	-0.459398681072656
2361	Zfp120	NA	-0.457815039986464
2362	Zfp148	NA	-0.514775966609452
2363	Zfp174	NA	-1.09387250927064
2364	Zfp26	NA	-1.16846934917825
2365	Zfp266	NA	-0.537788305604998
2366	Zfp275	NA	-0.689806594946665
2367	Zfp280b	NA	-0.482754677446348
2368	Zfp280c	NA	-1.13297271542233
2369	Zfp281	NA	-0.493529062587163
2370	Zfp292	NA	-0.524788236961648
2371	Zfp318	NA	-0.735349019806083
2372	Zfp322a	NA	-0.536603234078754
2373	Zfp329	NA	-0.973464526545935
2374	Zfp346	NA	0.789177351662353
2375	Zfp36	NA	0.674797963094886
2376	Zfp369	NA	-1.27927828733851
2377	Zfp36l1	NA	-0.859138857093761
2378	Zfp397	NA	-0.899685130095445
2379	Zfp407	NA	-1.2576090549627
2380	Zfp456	NA	-0.86494723620385
2381	Zfp518a	NA	-0.642377991817114
2382	Zfp524	NA	0.400119645082587
2383	Zfp558	NA	-0.992341871168689
2384	Zfp563	NA	-0.738715132471932
2385	Zfp58	NA	-0.55257674184943
2386	Zfp580	NA	0.567551677340786
2387	Zfp597	NA	-1.02222750614277
2388	Zfp606	NA	-0.686977896876602
2389	Zfp609	NA	-0.550406556874841
2390	Zfp626	NA	-1.06105131675839
2391	Zfp638	NA	-0.4209836401624
2392	Zfp644	NA	-0.480839097260198
2393	Zfp65	NA	-0.669807052399961
2394	Zfp654	NA	-0.979825958615547
2395	Zfp655	NA	-0.523871883757872
2396	Zfp688	NA	0.543522904590071
2397	Zfp69	NA	-1.02908754630705
2398	Zfp697	NA	-0.415713976120187
2399	Zfp738	NA	-0.603878907763475
2400	Zfp746	NA	0.349939528617594
2401	Zfp748	NA	-0.528988878452731
2402	Zfp750	NA	-3.3571067585693
2403	Zfp764	NA	0.511717256622694
2404	Zfp770	NA	-0.820345939958524
2405	Zfp800	NA	-0.449588314526237
2406	Zfp84	NA	-0.364358604696815
2407	Zfp85os	NA	-1.57453876819563
2408	Zfp868	NA	-0.791689815328524
2409	Zfp882	NA	-1.02973301674941
2410	Zfp934	NA	-1.04494680736261
2411	Zfp950	NA	-1.06440461045387
2412	Zfp955a	NA	-0.611237817099079
2413	Zfpl1	NA	0.530212646121182
2414	Zfx	NA	-0.621420984670082
2415	Zfyve16	NA	-0.9255837108843
2416	Zfyve19	NA	0.373477085813933
2417	Zik1	NA	-0.963056709314993
2418	Zkscan1	NA	-0.692091805098068
2419	Zmat5	NA	0.346045913333752
2420	Zmpste24	NA	-0.471967918457772
2421	Znhit2	NA	0.506027598927633
2422	Zrsr2	NA	-0.888912441440637
2423	Zswim6	NA	-0.653664455855261
2424	Zup1	NA	-0.593582938209417
2425	Zw10	NA	0.4902630151627
2426	Zxda	NA	-1.15319735944324
2427	Zyg11b	NA	-0.497551865590532
2428	Zyx	NA	0.376311072416576
2429	Zzef1	NA	-1.09437577429422
