genes	GF vs SPF (Young)	GF vs SPF (Old)
1	Lrmda	-3.53225205836147	-4.01467512380245
2	Ahsa1	-0.650757894335368	NA
3	Ak1	-0.793105745209251	NA
4	Aldh1a3	-5.73422605911387	-5.67088636565196
5	Arl2bp	0.783183912669504	NA
6	Atp2a3	1.68846813585822	NA
7	B3galnt1	0.749497201970126	NA
8	B4galnt1	0.796070160998812	0.634880038342041
9	Bri3bp	0.685998745513859	NA
10	Capg	0.860105269409639	NA
11	Cd44	3.79146992060184	NA
12	Clic6	-21.0953953713945	NA
13	Ctse	5.46497440950847	2.32564348830436
14	Cybb	2.39587742558015	NA
15	Cyp4f16	1.07630635482366	0.795709542782104
16	Cyp4f18	3.02488002892322	NA
17	Dnaja4	-0.763293972611013	NA
18	Eml2	4.38014089767239	NA
19	Ephx1	0.827294183605575	NA
20	Ero1lb	-1.71574891436964	-1.22769209405455
21	Fam110a	-0.699796555913121	NA
22	Fcrls	-0.714041599768393	NA
23	G530011O06Rik	-2.79068547961638	-1.71415948879679
24	Galnt6	1.84834928952687	NA
25	Gcnt2	1.3509885687597	NA
26	Glb1l2	7.10547373514	NA
27	Gpr137b	1.29678894696873	1.02350676011404
28	Gpr137b-ps	-3.16489516517753	-3.14964316220051
29	Gpr65	1.30022957671179	NA
30	Gstm1	1.20274938594429	0.935150892341335
31	Gsto1	0.846460865212654	NA
32	Hsp90ab1	-0.993243615416314	NA
33	Hspa8	-0.948266168626826	NA
34	Htra3	0.97390640563361	0.744366050365363
35	Icam2	2.0749610338452	NA
36	Kcnma1	-1.01080318516453	-0.800763756740065
37	Mcur1	-1.00632337801651	-1.00314506278451
38	Mtfp1	0.857688922612397	0.731729961317001
39	Nceh1	0.796686633021882	NA
40	Nnt	0.98294509502048	1.50043471351219
41	Nr1d2	-1.27435733709542	-0.785986836719495
42	Nrbf2	-0.653799413107892	NA
43	Nt5c	0.765322649690071	0.743981059996086
44	P4ha1	-1.01030010265511	NA
45	Perp	1.28144175329702	NA
46	Pik3ip1	1.69692162634161	1.2551337451779
47	Plcd3	8.86383765327602	5.45235174914369
48	Pstpip1	2.26768864926711	NA
49	Rab4a	1.39951906750827	1.47816001621856
50	Rell1	-1.21292145511699	-1.54337104264281
51	Scimp	1.66010445546965	NA
52	Sdc3	-1.00231012605015	-0.755702854164007
53	Sdf2l1	-0.643045557683305	NA
54	Sept6	1.01507670974746	NA
55	Srgn	0.777132827958834	NA
56	Stip1	-1.0548139483314	NA
57	Sult1a1	1.00768014634981	1.69213957488612
58	Tmed1	0.902957494547913	NA
59	Tmem154	1.66189148680456	NA
60	Tnfsf13b	0.831630300919406	NA
61	Top2a	-3.87770322534714	NA
62	Tuba4a	1.16307905112715	0.69767982831002
63	Ube2c	-5.70506075721754	NA
64	Upk1b	-0.613413118664971	NA
65	Wdfy1	2.47552168882415	3.3517662825196
66	0610030E20Rik	NA	-0.740228653596718
67	0610040B10Rik	NA	-2.1983470146045
68	1110006O24Rik	NA	-1.42823373390244
69	1700001C19Rik	NA	-0.862750063828789
70	1700008J07Rik	NA	-1.46931057805621
71	Ccdc192	NA	-0.831750516694448
72	1700012D14Rik	NA	-1.35131616067865
73	1700029J07Rik	NA	-2.47170144473273
74	1700034I23Rik	NA	-4.39851274957702
75	Zfp974	NA	-0.955949836187597
76	1700066B19Rik	NA	-1.63906798251553
77	1700109H08Rik	NA	-2.10376498971029
78	1700110C19Rik	NA	-1.6683207451453
79	2010016I18Rik	NA	-2.19975018333277
80	Fam241b	NA	1.04089134793782
81	2210408I21Rik	NA	-0.848580392232337
82	2310001H17Rik	NA	-1.59978297906349
83	2410021H03Rik	NA	-4.70063352572159
84	2610008E11Rik	NA	-0.722511589422351
85	Ccdc191	NA	-0.643743771826584
86	2700038G22Rik	NA	-2.58978413890844
87	2810013P06Rik	NA	-0.612910176937051
88	Pclaf	NA	-2.10052612686508
89	2810454H06Rik	NA	-1.82281538956444
90	2900005J15Rik	NA	-1.14300566338857
91	2900097C17Rik	NA	-0.67977714707355
92	3000002C10Rik	NA	-2.06774829629716
93	3110056K07Rik	NA	-0.816038887480481
94	4632415L05Rik	NA	-0.76023232402565
95	4632427E13Rik	NA	-1.1877095480003
96	4632428C04Rik	NA	-3.12663170934248
97	4831440E17Rik	NA	-2.22830738695525
98	4921511C10Rik	NA	-1.8791316991967
99	4921531C22Rik	NA	-0.725529773729363
100	4930412C18Rik	NA	-5.97124683459382
101	4930451G09Rik	NA	-2.12531255814197
102	4930502E18Rik	NA	-5.26081567288168
103	4930506C21Rik	NA	-2.45408905764739
104	4930507D05Rik	NA	-4.04462695275402
105	4930563E22Rik	NA	-2.40717129094999
106	4930579G18Rik	NA	-2.1442880494057
107	4930594C11Rik	NA	-2.16430487149953
108	4930595D18Rik	NA	-2.38946237007415
109	4930599N23Rik	NA	-1.65266944302352
110	4931402G19Rik	NA	-1.23928149065704
111	4931406H21Rik	NA	-1.04240690006561
112	4932438A13Rik	NA	-1.20570187944809
113	4933431G14Rik	NA	-2.82147024393577
114	5430405H02Rik	NA	-0.828445798122025
115	5930430L01Rik	NA	-2.46322446682384
116	6230400D17Rik	NA	-1.6397035960744
117	6330407A03Rik	NA	-2.19813007854896
118	6330409D20Rik	NA	-3.80272912320886
119	8030423J24Rik	NA	-1.71993123068355
120	Depp1	NA	-2.20315816809724
121	9130023H24Rik	NA	-0.744734222567801
122	9330136K24Rik	NA	-2.00856608335652
123	9330151L19Rik	NA	-1.88243474626529
124	9330175E14Rik	NA	-2.17509953509256
125	9530062K07Rik	NA	-1.15089686989133
126	A430035B10Rik	NA	-1.51795932379011
127	A430093F15Rik	NA	-4.56379022908314
128	Ccdc9b	NA	3.69616633737669
129	A530088E08Rik	NA	-1.31634136496521
130	P2ry10b	NA	-0.664708609280349
131	A630066F11Rik	NA	-1.16519224382209
132	A630072M18Rik	NA	-1.21321640991173
133	Bclaf3	NA	-0.90732136074445
134	A830082N09Rik	NA	-6.80103483545108
135	AI504432	NA	-1.54714466264701
136	Spindoc	NA	0.738806662032534
137	AW549877	NA	-0.743967959348616
138	Aars2	NA	0.823509165663702
139	Aasdh	NA	-1.00215203839473
140	Abca4	NA	-5.1932432544187
141	Abcf1	NA	0.643868134386467
142	Abcg3	NA	0.679054567610097
143	Abhd14b	NA	0.844994091207175
144	Abi3	NA	0.606540514112435
145	Acaa2	NA	0.619396611907045
146	Acaca	NA	-0.972863342385715
147	Acadvl	NA	0.586378053928718
148	Acbd4	NA	0.793070869089919
149	Acd	NA	0.593119685258901
150	Acer3	NA	-0.601048796511414
151	Acot7	NA	0.71293790733405
152	Acsf2	NA	0.791833261213075
153	Actb	NA	0.599857371638448
154	Actn4	NA	0.681068595922128
155	Adam1a	NA	-3.77451645824129
156	Adamts16	NA	-1.42237890201058
157	Coq8a	NA	0.716946130559662
158	Adck5	NA	0.863022470490034
159	Adcy3	NA	-0.980462525705422
160	Adcy8	NA	-0.917027375667215
161	Adgrg3	NA	-6.37258958555176
162	Adhfe1	NA	-0.875614029699039
163	Adrb1	NA	0.688920911593909
164	Grk3	NA	-1.19895376802746
165	Afap1l1	NA	0.741649302121774
166	Aff4	NA	-0.708013445425065
167	Agap3	NA	0.826562006092299
168	Agbl3	NA	-0.627899821051855
169	Agl	NA	-0.695223407167522
170	Ago3	NA	-1.05007005177693
171	Agps	NA	-0.657693658129838
172	Akap11	NA	-0.935962908622563
173	Akr1e1	NA	-0.587104420190533
174	Alox5	NA	0.980566603113639
175	Ammecr1	NA	-1.2060136138322
176	Anapc15	NA	-0.67159180799776
177	Anapc16	NA	0.893089813954667
178	Ang	NA	0.589822873981157
179	Angptl1	NA	-1.95433064007735
180	Ankhd1	NA	-0.672664705091995
181	Ankrd37	NA	-1.66061724062718
182	Anxa1	NA	-6.17469327592059
183	Apaf1	NA	-0.604622744266808
184	Apbb1	NA	0.688998333752143
185	Apbb3	NA	0.827409972610201
186	Apln	NA	-3.30647111151027
187	Apold1	NA	-5.11171290747289
188	Arap2	NA	-1.08506399569341
189	Arfgef1	NA	-0.675298366598663
190	Arhgap44	NA	-3.77137335660786
191	Arhgap5	NA	-1.18046313822403
192	Arhgef3	NA	0.587059399633569
193	Arhgef9	NA	-2.14695700945641
194	Arl5b	NA	-0.764484320794627
195	Arl8a	NA	0.849834594986024
196	Armc3	NA	-0.756110644019821
197	Arnt2	NA	-3.31946775611693
198	Arrb2	NA	0.834771256570971
199	Arrdc2	NA	0.905089156603566
200	Asb10	NA	-0.665718366556408
201	Asb13	NA	0.585830820628066
202	Ascc3	NA	-1.03333760113542
203	Ash1l	NA	-0.863354778338269
204	Asns	NA	-1.36741862707083
205	Atad2	NA	-0.769079248333242
206	Atad2b	NA	-1.16489991606625
207	Atf7	NA	-0.749900110350282
208	Atg16l2	NA	1.1758078440891
209	Atl3	NA	-0.827848492927113
210	Atm	NA	-1.12592788899131
211	Atp11c	NA	-1.01987711282645
212	Atp13a3	NA	-0.69878435104701
213	Atp1a1	NA	0.596532793410429
214	Atr	NA	-1.15334620034557
215	Atrx	NA	-0.647852748905859
216	Atxn1	NA	-1.13989012646605
217	Atxn7l2	NA	0.810054086751872
218	Avl9	NA	-0.780316545873447
219	Axl	NA	-0.898845878107954
220	B230219D22Rik	NA	-0.614326748052011
221	B3galt2	NA	-3.45373272898689
222	B430010I23Rik	NA	-1.21706289877068
223	B4galnt2	NA	-2.66813766313021
224	B4galt5	NA	-0.621877359879909
225	Bmt2	NA	-0.67287602232731
226	B930059L03Rik	NA	-1.4588998740296
227	B9d2	NA	0.64069586871782
228	BC005561	NA	-1.23508486510985
229	BC020402	NA	-2.03991438496335
230	BC037032	NA	-0.752644449247895
231	BC037704	NA	-1.39115731469636
232	BC065397	NA	-1.1510750141186
233	Bach1	NA	-0.697937915767783
234	Bag2	NA	-1.09594489642441
235	Baiap2l1	NA	-1.25461411502821
236	Baz1a	NA	-0.939369910476623
237	Bbs1	NA	1.01630697089461
238	Bbs10	NA	-1.12585798653654
239	Bckdha	NA	0.595567995940976
240	Bcl11a	NA	-1.81741156447578
241	Bcl6b	NA	-1.67397128480778
242	Bdp1	NA	-0.748256480970563
243	Bend6	NA	-0.61210030545336
244	Birc6	NA	-1.32509925712237
245	Bmf	NA	0.699727614195259
246	Bop1	NA	0.622948965504117
247	Brca2	NA	-1.24358872509678
248	Brms1l	NA	-0.644605180331995
249	Brsk2	NA	-2.76993327114958
250	Brwd3	NA	-2.15170252963237
251	Bsdc1	NA	0.599009384224726
252	Btaf1	NA	-1.01954188729825
253	Btbd7	NA	-0.593613870810299
254	Btla	NA	-4.8687125021748
255	C030006K11Rik	NA	0.63535791303845
256	C030034I22Rik	NA	-1.06859583071856
257	Zfp607b	NA	-2.26285397648125
258	C1rl	NA	-0.609820670510051
259	C230091D08Rik	NA	-0.896262453074774
260	C530008M17Rik	NA	-3.48911424520826
261	C5ar1	NA	0.82911130204709
262	C920021L13Rik	NA	-1.25450535784874
263	Cabin1	NA	0.619083804002375
264	Cacna1e	NA	-3.62541185241259
265	Cacng1	NA	-4.84589808747144
266	Cahm	NA	-0.975519695657851
267	Camk2b	NA	1.21840776919631
268	Camp	NA	-13.1384580245571
269	Camta1	NA	-0.635590603336728
270	Cant1	NA	0.602119855407044
271	Capn1	NA	1.09149626593745
272	Capn2	NA	0.966364896521321
273	Capns2	NA	-2.33099203776696
274	Car11	NA	1.15375419898341
275	Carhsp1	NA	0.71331653652782
276	Casp8ap2	NA	-0.762694605300088
277	Cav2	NA	-0.880524350834637
278	Cbl	NA	-0.588628145221101
279	Cbr3	NA	0.843870964889315
280	Cbx5	NA	-1.05822694124655
281	Cc2d1a	NA	0.832253013202881
282	Ccdc102a	NA	0.980223795248527
283	Ccdc130	NA	0.647581072058311
284	Ccdc15	NA	-2.079409495981
285	Ccdc152	NA	-2.72421754823322
286	Ccdc155	NA	-5.94353214406105
287	Ccdc17	NA	-0.91506361546295
288	Ccdc171	NA	-1.13603204444519
289	Ccdc50	NA	-0.883155502599832
290	Ccdc62	NA	-1.1179963893065
291	Ccdc82	NA	-0.666213952479511
292	Cck	NA	-2.91060312324389
293	Ccl12	NA	-1.05255129939181
294	Ccl25	NA	-1.18579230094323
295	Ccnc	NA	-0.608302096084504
296	Ccne2	NA	-1.86885296658425
297	Ccr1	NA	-0.86724185052422
298	Cd151	NA	1.04397325646265
299	Cd177	NA	-10.76118402691
300	Cd180	NA	-1.07055210433427
301	Cd209a	NA	-7.52397178836228
302	Cd209f	NA	-3.68855118741405
303	Cd24a	NA	-3.57987875730766
304	Cd3eap	NA	0.614068718469471
305	Cd52	NA	-0.783117680381081
306	Cdc42bpa	NA	-0.699849278085385
307	Cdc42ep1	NA	1.79757579091739
308	Cdca7	NA	-0.745312284387845
309	Cdh23	NA	0.687393548216095
310	Cdh5	NA	-3.04302158167905
311	Cdk12	NA	-0.649080605734107
312	Cdk5rap1	NA	1.71978664629673
313	Cdk6	NA	-0.825755531081596
314	Cebpb	NA	0.8632672696819
315	Cebpe	NA	-4.77176228643133
316	Cenpi	NA	-2.34230084345627
317	Cep131	NA	1.01239072011971
318	Cep135	NA	-0.87685186874177
319	Cep192	NA	-0.89966145029111
320	Cep83os	NA	-0.879919514314484
321	Cep85l	NA	-1.36036586240135
322	Cep95	NA	-1.66318660169051
323	Cercam	NA	0.89761494502416
324	Cers6	NA	-1.1440892502485
325	Cggbp1	NA	-0.648329520599659
326	Cgref1	NA	-1.9474170073097
327	Chaf1b	NA	-3.23006522222593
328	Chd6	NA	-0.93784562124267
329	Chd8	NA	-0.674754798996414
330	Chd9	NA	-1.31995974943092
331	Cherp	NA	0.771670243491991
332	Chil1	NA	-3.58141655011515
333	Chil3	NA	-10.3023313471735
334	Chml	NA	-1.00793734074262
335	Chst11	NA	-0.600215944343696
336	Chst12	NA	0.611070402943226
337	Cir1	NA	0.630023664187606
338	Cisd3	NA	0.916686997721159
339	Ciz1	NA	0.632019986546941
340	Ckap2	NA	-2.3163525674587
341	Clasp2	NA	-0.630435127130644
342	Cldn15	NA	-5.77601480660438
343	Clec2d	NA	1.92131966124038
344	Clmp	NA	-3.90787590612943
345	Clock	NA	-0.673393138602769
346	Cmas	NA	0.876578587093582
347	Cmip	NA	0.592779103975118
348	Cnot3	NA	0.826344381846437
349	Cnot6l	NA	-0.881119528444451
350	Cntln	NA	-1.31340244693692
351	Cntrl	NA	-1.02335254700733
352	Cog1	NA	0.690421316093373
353	Col25a1	NA	-2.44060670994285
354	Cotl1	NA	0.821162286503303
355	Cpd	NA	-0.94152733637198
356	Cpeb2	NA	-0.600405399772823
357	Cpeb4	NA	-1.1748570427082
358	Cpsf6	NA	-0.593301489047063
359	Cramp1l	NA	-0.867532671179335
360	Creb1	NA	-0.687099455892873
361	Creb5	NA	-1.39336954241167
362	Crebrf	NA	-0.756676603952782
363	Creld1	NA	0.589238863667907
364	Crispld2	NA	-5.61959862539821
365	Crybb1	NA	1.00889282646764
366	Csmd3	NA	-1.10631687427818
367	Cst7	NA	-1.31898291919273
368	Cstf3	NA	-0.705906464165941
369	Ctdspl2	NA	-0.690651542574595
370	Ctnna1	NA	0.591590718227585
371	Cwc22	NA	0.676361232256949
372	Cxcl10	NA	-1.54626023701707
373	Cxcl13	NA	-2.12967374419414
374	Cxcl17	NA	-2.23179166114491
375	Cyb561a3	NA	-0.701009918340069
376	Cyp2j9	NA	-4.96026430862078
377	D130020L05Rik	NA	-1.20370418033707
378	D16Ertd472e	NA	-1.37914012461564
379	D17H6S56E-5	NA	-0.951965581729909
380	D330023K18Rik	NA	-1.05092316745546
381	D730005E14Rik	NA	-1.17011383031227
382	D7Ertd443e	NA	-2.28784477992985
383	D830031N03Rik	NA	-1.59301467281658
384	Dcaf10	NA	-0.594143884583181
385	Dcbld2	NA	-0.802226684151999
386	Dcp1a	NA	-0.600629395399798
387	Dcp1b	NA	0.814869759421587
388	Dcp2	NA	-0.881128411246493
389	Dcstamp	NA	-5.37085100839987
390	Dctd	NA	-1.00543970234403
391	Ddhd2	NA	-0.601747719268329
392	Ddit4	NA	1.25648217398044
393	Ddo	NA	-5.92567428653157
394	Ddx23	NA	-1.3984904301484
395	Ddx60	NA	-1.44402171303151
396	Dennd1b	NA	-0.760742975807189
397	Dennd4a	NA	-0.6925976353822
398	Dffa	NA	0.711578742134838
399	Dgkz	NA	0.611557335829206
400	Dhx9	NA	-1.00270950098774
401	Diap2	NA	-0.63147938623108
402	Dicer1	NA	-1.0249039991658
403	Dido1	NA	-1.10706064665058
404	Disc1	NA	-0.764625193564952
405	Dixdc1	NA	-2.26203259848179
406	Dlc1	NA	-1.23184123094057
407	Dlgap4	NA	0.655806879792902
408	Dmtn	NA	0.819583996455906
409	Dmxl1	NA	-1.1637886565783
410	Dmxl2	NA	-1.74899993350317
411	Dnah17	NA	-2.93615431380937
412	Dnmt3aos	NA	-4.69547860533816
413	Dnpep	NA	0.602429284941522
414	Doc2a	NA	0.598420739031859
415	Dock7	NA	-0.616061884015695
416	Dok3	NA	0.984258045778489
417	Dpy19l4	NA	-0.773616022745583
418	Dpysl2	NA	-0.942382034039368
419	Dr1	NA	-0.703204422824259
420	Dsp	NA	7.28207326725054
421	Dtl	NA	-6.90292846311123
422	Duoxa1	NA	-0.906613705731425
423	Dusp1	NA	1.82455634424885
424	Dut	NA	-0.689799661323771
425	Dvl1	NA	0.933178352567497
426	Dxo	NA	0.636255640260454
427	Dync2h1	NA	-1.09374991818146
428	E030024N20Rik	NA	-1.98007027206715
429	E130215H24Rik	NA	-1.19052727397187
430	E130317F20Rik	NA	-1.04901223249283
431	E330020D12Rik	NA	-1.70892933104216
432	E330033B04Rik	NA	-1.05539890391834
433	E4f1	NA	0.798919225809238
434	E530011L22Rik	NA	-2.78152819353551
435	Ebi3	NA	-0.613759464999272
436	Ece1	NA	0.851602142618109
437	Eef1a1	NA	-0.645221007807411
438	Efcab11	NA	-4.54152010299733
439	Efcab2	NA	-0.948515162411585
440	Egf	NA	-4.24113035756453
441	Elane	NA	-30.046057827155
442	Elavl4	NA	-1.4597753690017
443	Eldr	NA	-4.44340724208484
444	Elk4	NA	-1.04578283066761
445	Elmo2	NA	0.706681632458848
446	Emd	NA	1.02245447490091
447	Emp3	NA	0.851627455412171
448	Eno3	NA	0.590213469803364
449	Ep300	NA	-0.788755177671513
450	Epha1	NA	-1.75886428723622
451	Epm2aip1	NA	-1.03373951786179
452	Ept1	NA	-0.671326250113581
453	Ercc3	NA	0.609495917419716
454	Esco1	NA	-0.620937161459192
455	Esrrg	NA	-5.30810425942269
456	Ethe1	NA	0.636714609223058
457	Etnk1	NA	-0.779049035351392
458	Etohd2	NA	-1.11429298689464
459	Ets2	NA	0.636005772380206
460	Eva1b	NA	0.60704559496528
461	Evi2a	NA	-0.692876053974446
462	Eya4	NA	-0.969725320323678
463	Ezr	NA	0.920894382105145
464	F630206G17Rik	NA	-5.31769922211808
465	Fads3	NA	-1.55014114923923
466	Fam120aos	NA	-1.09921958702522
467	Fam126a	NA	-0.712616825963269
468	Fam126b	NA	-0.811027012597918
469	Fam167a	NA	-4.89655396804285
470	Abraxas1	NA	-0.652762331659935
471	Insyn2a	NA	-1.61077823745635
472	Insyn2b	NA	-2.16096538988783
473	Fam199x	NA	-0.958175439129877
474	Tasor	NA	-0.794335659091974
475	Tasor2	NA	-0.611632425260119
476	Fam21	NA	0.687075204165108
477	Fam210a	NA	-0.797894702270141
478	Fam214a	NA	1.0527533359466
479	Fam219a	NA	0.750212171052819
480	Tent5c	NA	-0.750130502528718
481	Fam76b	NA	-0.840667055295797
482	Fam92a	NA	-0.939583662030898
483	Fan1	NA	-1.08419391796926
484	Far2	NA	-3.22510238728539
485	Fat3	NA	-2.46840514818603
486	Fbn1	NA	4.84720550681638
487	Fbxo17	NA	1.94570497193742
488	Fbxo30	NA	-0.914331864147015
489	Fbxo36	NA	-0.89964414922379
490	Fbxo47	NA	-2.2369479637811
491	Fbxo48	NA	-2.70880042058988
492	Fcgr3	NA	0.697153563888529
493	Fcnb	NA	-8.72217505846228
494	Fdxr	NA	0.638421120309939
495	Fem1b	NA	-0.952926878098589
496	Fem1c	NA	-0.766370632432385
497	Fermt3	NA	0.629382525167245
498	Fgd3	NA	-0.621276949348408
499	Fgd4	NA	-0.656884067207927
500	Fgl2	NA	-1.19808377944263
501	Fgr	NA	-0.894095623129124
502	Fignl1	NA	-1.48809412543369
503	Fkbp5	NA	1.15088791249945
504	Fkbp6	NA	-3.78428869948208
505	Flywch1	NA	0.647484291653644
506	Fmn1	NA	-1.14664830677741
507	Fnbp4	NA	-0.690764599541406
508	Fndc7	NA	-2.73545899544543
509	Folr2	NA	-1.37535746235816
510	Fosl2	NA	-0.601597100583929
511	Foxn2	NA	-1.04020437864088
512	Fpgt	NA	-0.718320600893775
513	Frs2	NA	-0.750259904932336
514	Fryl	NA	-0.928042203428303
515	Furin	NA	0.636073390347085
516	Fv1	NA	-1.46056685310583
517	Fxn	NA	0.837121565461248
518	Fzd6	NA	-5.48237021108499
519	G6pd2	NA	1.17770348422597
520	G6pdx	NA	0.686366973350376
521	Gabpb2	NA	-1.04289318905833
522	Gabrq	NA	-5.64223221558859
523	Gatad2b	NA	-1.18777372370084
524	Gbp3	NA	0.645008833883531
525	Gbp7	NA	0.830353864417572
526	Gbp9	NA	-0.686486521026557
527	Gca	NA	-0.888465767409407
528	Gcnt7	NA	-0.895409195065057
529	Gdap10	NA	-1.78071339754835
530	Gem	NA	-0.97262670419361
531	Ggnbp2os	NA	-1.17798176677669
532	Ggps1	NA	-0.611188808381265
533	Glrp1	NA	-0.613809350050547
534	Gls	NA	-0.957133533636278
535	Gm10033	NA	-0.754211566964733
536	Gm10509	NA	-0.586586064672781
537	Gm10578	NA	-4.74368678860223
538	Gm11423	NA	-1.14707094660958
539	Gm12522	NA	-1.84194814884196
540	Gm13710	NA	-2.33775580980962
541	Gm14023	NA	-1.57813372985741
542	Gm14092	NA	-4.51811696050691
543	Gm15326	NA	-3.53280903893281
544	Gm15612	NA	-5.34099202014291
545	Gm15708	NA	-2.18372603007674
546	Hectd4	NA	-1.40719225328368
547	Gm15850	NA	-1.6254315445684
548	Gm16617	NA	-1.68562297482785
549	Gm16907	NA	-1.59758150657898
550	Gm17066	NA	-1.34297609443606
551	Gm1821	NA	0.764628279427022
552	Gm19522	NA	-3.2582334374862
553	Gm19689	NA	-2.03027757596627
554	Gm20199	NA	-2.36543433070594
555	Gm20300	NA	-0.755091061942025
556	Gm29811	NA	-1.89561793666451
557	Gm3414	NA	-1.0296407737413
558	Gm35612	NA	-3.449936467964
559	Gm3716	NA	-3.02163897808359
560	Gm4890	NA	-1.80177358506927
561	Gm5544	NA	-1.61006998001483
562	Gm5547	NA	-2.09270036849654
563	Gm6297	NA	-5.20741393271124
564	Gm6525	NA	-4.56437750545475
565	Gm826	NA	-2.00715544454607
566	Gm9776	NA	-0.627741352951055
567	Gmeb1	NA	-0.657441773836135
568	Got2	NA	0.638313197358486
569	Gpd1	NA	1.31408907059186
570	Gpr19	NA	-1.63609945534978
571	Gpr22	NA	-1.96853768885651
572	Gpr37l1	NA	-6.31831596935438
573	Gpr68	NA	-4.05512110068996
574	Gramd4	NA	0.680494280965443
575	Grk6	NA	0.606162761148993
576	Haspin	NA	-0.698570250265149
577	Gspt2	NA	-3.59082891167731
578	Gtf2a1	NA	-0.673574858130173
579	Gtpbp10	NA	-0.634992953243389
580	Guf1	NA	-0.680557467642892
581	H60b	NA	-1.92882154346933
582	Haus8	NA	0.592514392699469
583	Havcr2	NA	0.618767912736762
584	Hbegf	NA	0.974591350383982
585	Hdc	NA	-4.65257768798629
586	Hdgfl2	NA	0.667885844343931
587	Hells	NA	-2.98493678484589
588	Herc1	NA	-1.50080281609995
589	Herc2	NA	-0.820963070467648
590	Hif1a	NA	-0.739818150729554
591	Hif1an	NA	-0.658465504945276
592	Hipk3	NA	-0.608114238796996
593	H2bc1	NA	4.79521082716147
594	H4c4	NA	-0.616811630810312
595	H2bu2	NA	3.23775425562027
596	H4f16	NA	2.06911025558727
597	Hjurp	NA	-0.700919701412879
598	Hk1	NA	0.730598260649762
599	Hlf	NA	-0.670606208536871
600	Hmces	NA	0.663055608459492
601	Hmg20b	NA	0.641171266282592
602	Hmgn2	NA	-0.720129160607796
603	Hp	NA	-9.25759873556056
604	Hsd11b1	NA	-7.1058498792904
605	Htr2b	NA	-2.52955349272768
606	Htt	NA	-2.0855213504065
607	Hus1	NA	-0.632848418870486
608	Huwe1	NA	-0.735794399640215
609	Ier2	NA	1.12956801535102
610	Ier3	NA	1.22966872262338
611	Ifit2	NA	-1.1327627075869
612	Ifitm6	NA	-5.75739649312031
613	Igf1r	NA	-0.634829457401036
614	Igfbp4	NA	-0.832837794307917
615	Igip	NA	-1.46726586089108
616	Igsf6	NA	0.609389789353281
617	Ikzf2	NA	-0.884654061428585
618	Il17ra	NA	0.632051721762269
619	Il6ra	NA	0.685376551412115
620	Il6st	NA	-1.13882936382462
621	Immp1l	NA	-0.801596024625291
622	Immp2l	NA	-0.777429289614198
623	Impad1	NA	-0.76644729211152
624	Ino80b	NA	0.604757893060643
625	Ino80d	NA	-0.840915799699243
626	Ino80dos	NA	-1.40864264872445
627	Inpp4b	NA	-1.14964152018838
628	Insr	NA	-0.988921266320425
629	Irf3	NA	0.60322459658813
630	Irf4	NA	-1.067079411487
631	Ispd	NA	-3.60002468434797
632	Itfg2	NA	0.670934553416032
633	Fam234a	NA	0.681872955667282
634	Itgae	NA	-1.06296033558916
635	Itgav	NA	-0.630191349841062
636	Itgb2l	NA	-7.79829880409322
637	Itgb3	NA	-1.10228090620597
638	Itgb3bp	NA	-0.822865271995419
639	Iws1	NA	-0.707929280146541
640	Jazf1	NA	-1.64090290056682
641	Jdp2	NA	0.869811467787679
642	Jpx	NA	-1.35209630934853
643	Jrkl	NA	-0.742321085983756
644	Jun	NA	0.817475616496653
645	Jund	NA	0.807525476421673
646	Kank3	NA	0.702288706910029
647	Kansl3	NA	0.687483867781929
648	Kat2b	NA	-0.792324951950791
649	Kat6a	NA	-0.695637954363574
650	Kat6b	NA	-0.959878048034239
651	Kbtbd6	NA	-4.03761509284432
652	Kbtbd7	NA	-0.592135118744028
653	Kbtbd8	NA	-0.818178316698497
654	Kcnj2	NA	-0.998276168396314
655	Kcnq1ot1	NA	-1.27605613079458
656	Kcnt1	NA	6.71949450794293
657	Kcp	NA	1.25994389973723
658	Kctd12	NA	-0.669124921011416
659	Kdm5d	NA	-0.792727197700536
660	Kif24	NA	-1.28299836081549
661	Kif5b	NA	-0.680961956194568
662	Kif9	NA	-1.13078873350528
663	Klf13	NA	0.763726587858623
664	Klf2	NA	1.18613716243778
665	Klhl11	NA	-1.24342285910713
666	Klhl9	NA	-0.837931898717523
667	Klk9	NA	-2.55928715394343
668	Klrd1	NA	-0.819238418114945
669	Klri1	NA	-5.15011040586209
670	Kmt2a	NA	-0.724287111319953
671	Kmt2c	NA	-0.733416394450838
672	Lamb2	NA	0.947805109363205
673	Larp4	NA	-0.626178782830047
674	Lars2	NA	-0.803540473433606
675	Lats1	NA	-0.905101040168607
676	Lcn2	NA	-12.4196022549336
677	Lcor	NA	-0.748952558232084
678	Lcorl	NA	-0.700693868735026
679	Ldlr	NA	-2.01796441193098
680	Lemd2	NA	0.608140045753497
681	Lgr4	NA	-1.59955919384588
682	Lig4	NA	-1.08079172241716
683	Lims1	NA	-0.587271049671947
684	Lncpint	NA	-1.29595834947577
685	Lnpep	NA	-0.827986319919354
686	Lonrf3	NA	-1.04103321452623
687	Lrg1	NA	-3.73955761474147
688	Lrp4	NA	-1.32363171316319
689	Lrrc29	NA	-2.65818987742734
690	Lrrc39	NA	-0.683039470141551
691	Lrrc51	NA	-0.672949724801394
692	Lrrcc1	NA	-0.613345888984103
693	Lrrtm2	NA	-1.68131221975236
694	Lsm14b	NA	-1.32176600749048
695	Lsr	NA	-1.05954724469134
696	Ltf	NA	-13.6543760367402
697	Luc7l3	NA	-1.21432718094574
698	Ly6c2	NA	-4.34214788183475
699	Ly86	NA	-1.14781768602447
700	Lyst	NA	-1.68008575135398
701	Macf1	NA	-0.861320380580865
702	Macrod1	NA	0.907938407166645
703	Mad1l1	NA	0.626083764401019
704	Madcam1	NA	-3.83374177193067
705	Maf	NA	-0.684713613995953
706	Malat1	NA	-2.163645799364
707	Manea	NA	-0.764480217699376
708	Map3k2	NA	-0.96516782221129
709	Map3k8	NA	-0.880047524370624
710	Map3k9	NA	-0.661301497303233
711	Mapre3	NA	0.80183383572605
712	Marf1	NA	-0.882273842035208
713	Matn2	NA	-1.98625559922321
714	Mbd5	NA	-0.940097447443426
715	Mbnl3	NA	-4.3559851376751
716	Mboat1	NA	-0.960074351908654
717	Mbtd1	NA	-0.742052358707042
718	Mcemp1	NA	-4.68195670458443
719	Mcm2	NA	-1.01406644510387
720	Mcm5	NA	-1.07801997815823
721	Mcm6	NA	-0.677500155192354
722	Mdn1	NA	-1.56896722033223
723	Med12l	NA	-0.888679102721487
724	Med13	NA	-0.953749043444148
725	Med25	NA	0.625824776141485
726	Memo1	NA	-0.69609131084342
727	Men1	NA	0.637012100652011
728	Mettl3	NA	0.619650455475408
729	Mettl4	NA	-0.905994224687836
730	Mfge8	NA	0.836043063537648
731	Mfsd4a	NA	-0.814113977719161
732	Mga	NA	-0.594449550002402
733	Mgat4a	NA	-0.867062873507332
734	Mgat5	NA	-1.29892994576964
735	Oga	NA	-0.896419528103144
736	Mgst2	NA	-3.74951311898832
737	Mib1	NA	-0.819288350565384
738	Mical1	NA	0.630117058242545
739	Mier1	NA	-0.709414541606953
740	Mir1931	NA	-1.9896187717027
741	Mir6236	NA	-1.68686805366068
742	Mir6345	NA	-3.92400993312262
743	Mir6374	NA	-2.72302557520295
744	Mir6902	NA	-2.62177152897493
745	Mir8112	NA	-0.758214606903415
746	Mir99ahg	NA	-1.35343008575908
747	Mitf	NA	-0.66072005574077
748	Mlph	NA	0.762066895585926
749	Mlxipl	NA	0.588595565170724
750	Mmd	NA	-0.644434870141105
751	Mmp11	NA	0.919646772199144
752	Mmp14	NA	1.03388703083211
753	Mob1b	NA	-1.04025155546143
754	Mob3a	NA	0.585627536147592
755	Mospd2	NA	-0.886481730754171
756	Mreg	NA	-5.10747675456397
757	Mrgbp	NA	0.739845784271746
758	Ms4a3	NA	-7.50848255744043
759	Msl2	NA	-0.611497206375276
760	Msr1	NA	1.06610150665972
761	Mss51	NA	-4.07516334805951
762	Mt2	NA	-2.08561405621356
763	Mthfd2	NA	-0.650686899175258
764	Mtmr7	NA	-4.39463498567191
765	Mtx3	NA	-1.4727992721614
766	Mum1	NA	0.686328729899934
767	Mxd4	NA	0.643478620069592
768	Mybbp1a	NA	0.637199699948396
769	Myc	NA	0.634500372930518
770	Mycbp2	NA	-0.652632475658198
771	Myo1e	NA	-0.710489662855641
772	Myo1g	NA	0.660554776088756
773	Myo5a	NA	-1.23708636036736
774	Myo9a	NA	-1.05247812386429
775	Naa30	NA	-0.586418449196778
776	Napb	NA	-1.12406727358735
777	Nat10	NA	0.589034156289843
778	Nat2	NA	-0.788493733537886
779	Nav2	NA	-0.867278437495883
780	Nav3	NA	-0.777119818146137
781	Nbea	NA	-1.04603247739086
782	Nbeal1	NA	-1.69022060938447
783	Ncoa6	NA	0.633779847042387
784	Ndufaf6	NA	-0.609151577903915
785	Nedd4l	NA	0.696807302491559
786	Nemf	NA	-0.625379370056618
787	Neurl1a	NA	0.75204511693229
788	Nf1	NA	-1.00948685415864
789	Nfkbia	NA	0.640369907097529
790	Ngp	NA	-14.7730287056153
791	Nid2	NA	-0.595219154525801
792	Nktr	NA	-0.771508542490283
793	Nlrc5	NA	-2.46669646480373
794	Nlrp1b	NA	-1.10139900032835
795	Nlrp1c-ps	NA	-3.44940654938086
796	Nmrk1	NA	-0.97877598403716
797	Noc2l	NA	0.591402006058422
798	Nolc1	NA	0.807238511730524
799	Nos1ap	NA	-0.600015270038517
800	Nosip	NA	0.680063078034445
801	Notch2	NA	-0.803452684916522
802	Notch4	NA	2.05725219083198
803	Npff	NA	-4.30887335753399
804	Npnt	NA	-0.601257272308033
805	Nr1h2	NA	0.680770104961284
806	Nrg4	NA	-4.87826787827151
807	Nron	NA	-1.48207261652325
808	Nrp	NA	-1.09855407141249
809	Nrp1	NA	-0.71345515803432
810	Nsd1	NA	-0.643153278379917
811	Nuak2	NA	0.663446424319275
812	Nucks1	NA	-0.758311371308653
813	Nudt1	NA	0.621189150849185
814	Nufip2	NA	-0.606342223237655
815	Nup210l	NA	-2.09350637954905
816	Nup37	NA	-0.648117360434482
817	Nvl	NA	-0.648076829647684
818	Oas1a	NA	-0.675266357234688
819	Oasl2	NA	-0.730483501614658
820	Odf2	NA	0.62115882267597
821	Ogfrl1	NA	0.63897236866745
822	Oip5	NA	-5.08301018645362
823	Olfm4	NA	-2.26809690959748
824	Omg	NA	-5.62512601561515
825	Opa3	NA	0.670610025567708
826	Orc6	NA	-0.784636967358111
827	Orm1	NA	-5.29338058839513
828	Osbpl8	NA	-0.611568279960743
829	Osgin1	NA	1.01380828640833
830	Osm	NA	0.611282381488302
831	Otud3	NA	1.28539869627031
832	Otud4	NA	-0.619748951253297
833	P2rx1	NA	-0.607936380680288
834	P3h1	NA	0.93970915765883
835	Padi4	NA	-5.64517318585926
836	Pank3	NA	-0.783439823362055
837	Papss2	NA	-5.71147315273277
838	Pard3b	NA	-0.764071051237189
839	Parp11	NA	-0.663521096067209
840	Parp4	NA	-0.898297513671992
841	Parpbp	NA	-5.85573929408863
842	Particl	NA	-0.974516482320088
843	Paxbp1	NA	-0.676792308504912
844	Pcdhga12	NA	-0.871634109274638
845	Pcdhga6	NA	-5.25236134770702
846	Pcdhga9	NA	-3.94018216927087
847	Pced1a	NA	0.755514099550079
848	Pcf11	NA	-0.598968962954662
849	Pck2	NA	0.599696542851671
850	Pcm1	NA	-0.836911690242661
851	Pcp4	NA	-0.952733278322787
852	Pdcd1	NA	-1.0083798670048
853	Pde4a	NA	0.667745992800539
854	Pdk2	NA	0.681847429016596
855	Pds5a	NA	-1.06774491552806
856	Pdzd4	NA	-2.44883121020167
857	Pdzd9	NA	-5.47163366853673
858	Peak1	NA	-0.861340592651381
859	Per1	NA	1.0177294207418
860	Per3	NA	-1.0613395636177
861	Pglyrp1	NA	-8.90084327549497
862	Phc3	NA	-1.09710730812387
863	Phf1	NA	0.705291161876635
864	Phf14	NA	-0.883308694177807
865	Phf6	NA	-0.826261060582333
866	Phip	NA	-0.657926132883883
867	Phldb3	NA	-3.04881063212846
868	Phospho1	NA	-1.82570691755922
869	Phtf1os	NA	-1.6693850958148
870	Phxr4	NA	-2.4940498604502
871	Pigg	NA	-0.642357769798315
872	Pign	NA	-1.00411340771007
873	Pik3c2a	NA	-0.785863948543716
874	Pik3r2	NA	0.701262725569878
875	Pikfyve	NA	-0.662466199628641
876	Pim1	NA	1.99558438324798
877	Pla2g7	NA	1.03775366144163
878	Plac8	NA	-1.15756823235794
879	Plag1	NA	-4.88358015343069
880	Plcb4	NA	-3.83203835515001
881	Pld2	NA	0.668183057944603
882	Plekhb1	NA	-2.59038284501732
883	Plekhh3	NA	1.12496112799998
884	Plet1	NA	3.44645253738684
885	Plin3	NA	0.678771081483691
886	Plk3	NA	0.619989771916995
887	Pln	NA	-1.79846312305886
888	Plxna4	NA	-0.693618482524765
889	Pmm1	NA	0.60712261678082
890	Pnisr	NA	-1.06763904430522
891	Pnpla2	NA	1.12691956740006
892	Pnpla6	NA	0.689395501615906
893	Podxl2	NA	1.17802330479835
894	Pole	NA	-5.77509418547007
895	Polm	NA	0.886329171554593
896	Polq	NA	-4.42406290864419
897	Polr1e	NA	0.693566216223827
898	Polrmt	NA	0.812827312665185
899	Pomgnt2	NA	0.751444227885227
900	Postn	NA	0.760883398308166
901	Pot1b	NA	-0.648839487464467
902	Plpp1	NA	-0.625172428873206
903	Ppdpf	NA	0.681560610525724
904	Ppp1cb	NA	-0.731035470186381
905	Ppp1r14a	NA	-1.71711147598561
906	Ppp1r15a	NA	0.824293602805311
907	Ppp1r21	NA	0.617376638427106
908	Ppp1r9a	NA	-0.73363081620781
909	Ppp4r1l-ps	NA	-0.887176605023539
910	Ppp5c	NA	0.607759790291977
911	Praf2	NA	0.598882336209933
912	Prg4	NA	-4.13976469685891
913	Prkar1b	NA	-0.738054742621413
914	Prkdc	NA	-1.04895452605064
915	Prlr	NA	-5.11607543197568
916	Procr	NA	0.890586879835338
917	Proser3	NA	0.946424790116829
918	Prpf39	NA	-0.878414329044993
919	Prr14l	NA	-0.786791697321518
920	Prune2	NA	-0.900860897719614
921	Psap	NA	0.601479729013012
922	Ptbp3	NA	-0.596750032168752
923	Ptchd1	NA	-1.42381829402447
924	Pth1r	NA	-4.79503996239115
925	Ptprj	NA	-0.649180878224149
926	Purb	NA	-0.735409663763777
927	Pvr	NA	0.775565566332087
928	Ifi208	NA	-4.43444517027191
929	Pygl	NA	-1.00477464563605
930	Qk	NA	-0.781665478373429
931	Rab11fip2	NA	-0.742980921661961
932	Rab33b	NA	-0.652213140246695
933	Rac3	NA	0.687626702596462
934	Rad51b	NA	-1.68999715766944
935	Rad54l	NA	-1.51450741790012
936	Ralgapa1	NA	-0.989358464980455
937	Raly	NA	1.05036217479968
938	Ranbp2	NA	-0.846054125117668
939	Ranbp6	NA	-0.810043991436268
940	Rap2c	NA	-0.646181735323455
941	Rapgef5	NA	-0.623187607066814
942	Rasgrp4	NA	0.699341868066753
943	Rasl2-9	NA	-1.36780494330554
944	Rbm12	NA	-0.590639957309654
945	Rbm12b2	NA	-0.694687460369432
946	Rbm20	NA	-2.55597155316712
947	Rbm42	NA	0.633593638545244
948	Rc3h1	NA	-0.798461168348871
949	Rc3h2	NA	-1.26481254833179
950	Rdh5	NA	-1.71190730392241
951	Rel	NA	-0.872844395485273
952	Relb	NA	-0.594793240085666
953	Reps2	NA	-3.90873820913286
954	Rexo4	NA	0.61219962008142
955	Rfng	NA	0.985723159058715
956	Cop1	NA	-0.590823471965658
957	Rgs1	NA	1.21396886629214
958	Rgs12	NA	-1.04293068112428
959	Rgs14	NA	0.7773878998102
960	Rhbdf1	NA	0.58837377426632
961	Rhd	NA	-2.69277009891114
962	Rhoc	NA	0.608309215993466
963	Ric1	NA	-1.43639548510332
964	Rin3	NA	0.756970729719165
965	Rlf	NA	-0.66822592330871
966	Rlim	NA	-0.88917577732175
967	Rn45s	NA	-1.36735298389095
968	Rnf166	NA	0.643966807375861
969	Rnf214	NA	-0.606596782300581
970	Rnf220	NA	0.590568665990981
971	Rnf25	NA	0.593392300545958
972	Rp2	NA	-0.696342069460068
973	Rpia	NA	-1.21298455032232
974	Rpl12	NA	-1.60275448329802
975	Rpl14-ps1	NA	-0.983060729303724
976	Rpl27a	NA	-0.589926989489928
977	Rpl39	NA	-0.798550313303876
978	Rps20	NA	-0.847665993971121
979	Rps25	NA	-0.620592616697122
980	Rpusd3	NA	0.730297504133641
981	Rrp7a	NA	0.59042876924784
982	Rspo1	NA	1.03418793335545
983	Rtkn2	NA	-4.69875813231629
984	Rtp4	NA	-0.742465021148551
985	Rttn	NA	-0.724710984276228
986	Rufy2	NA	-0.717946593945254
987	S100a10	NA	0.724955918520629
988	S100a8	NA	-11.4241797803932
989	S100a9	NA	-10.4914540294744
990	Scand1	NA	0.76049590561673
991	Sclt1	NA	-0.658698446748532
992	Sdad1	NA	-0.657670476969814
993	Sdc4	NA	-0.640900803655324
994	Sec16a	NA	-0.699169733056418
995	Selenbp1	NA	0.704508497829924
996	Sema3c	NA	6.41970214272348
997	Serpinb12	NA	-5.98853675657678
998	Serpinb1a	NA	-8.38810177574268
999	Setd5	NA	-0.671634109544145
1000	Setdb2	NA	-0.738382141309624
1001	Sez6l	NA	-4.45131927410641
1002	Sf3a2	NA	0.610839641426064
1003	Sgms2	NA	-5.39726793186098
1004	Sgsm3	NA	0.734421228954216
1005	Shcbp1l	NA	-6.02938267557345
1006	Shprh	NA	-0.818310609260886
1007	Siah1b	NA	-0.737607264924406
1008	Sipa1	NA	0.938481009504719
1009	Sirt2	NA	0.654469769335268
1010	Slamf8	NA	-0.737445610854981
1011	Slamf9	NA	-0.737468489762883
1012	Slc10a1	NA	-2.22219153394385
1013	Slc12a2	NA	-0.922402695624316
1014	Slc13a3	NA	0.783548465765768
1015	Slc16a10	NA	-1.25942717000565
1016	Slc1a4	NA	-0.746041734953255
1017	Slc1a5	NA	1.04132500460508
1018	Slc25a36	NA	-0.718281456060654
1019	Slc25a42	NA	1.02018880376628
1020	Slc2a10	NA	1.09780569466216
1021	Slc2a12	NA	-5.86910060754905
1022	Slc2a3	NA	0.818108328797985
1023	Slc2a4rg-ps	NA	-1.35733671043019
1024	Slc30a1	NA	-0.613028141710418
1025	Slc35a3	NA	-0.74531909604172
1026	Slc35e2	NA	-0.639210058637687
1027	Slc39a1	NA	-0.64806125878517
1028	Slc39a4	NA	-1.37319334493793
1029	Slc43a3	NA	-1.89956072259684
1030	Slc5a3	NA	-1.83165285963342
1031	Slc7a1	NA	-0.589434498117692
1032	Slc8a1	NA	-0.863144583445133
1033	Slc9a3r1	NA	0.601828899420923
1034	Slc9a3r2	NA	1.46922087790387
1035	Slc9a6	NA	-0.633139654729063
1036	Slc9a7	NA	-0.821976439002779
1037	Slco1c1	NA	-5.14886199127248
1038	Smad5	NA	-0.833838801536944
1039	Smc5	NA	-0.854390220533888
1040	Smco1	NA	-5.13701593006006
1041	Smcr8	NA	-0.690172924523421
1042	Smg1	NA	-1.22174732356377
1043	Smpd2	NA	0.58537526108924
1044	Snap25	NA	-1.61419577976188
1045	Snapc1	NA	-0.812914317143221
1046	Snhg10	NA	-1.62971082685813
1047	Snhg7	NA	-1.07677460352553
1048	Snora28	NA	-1.43229002401844
1049	Snora43	NA	-3.28326242931572
1050	Snora65	NA	-3.13628561476824
1051	Snora81	NA	-4.31317496921213
1052	Snord17	NA	-2.00129426215941
1053	Snord95	NA	-2.90111709829049
1054	Snrpc	NA	0.671799430014422
1055	Snx29	NA	-1.198586775067
1056	Snx7	NA	-0.650472003171032
1057	Sp4	NA	-0.637790783505439
1058	Spag5	NA	-6.19679272377156
1059	Spata1	NA	-0.893293865799735
1060	Spata2l	NA	0.641238498055087
1061	Spdl1	NA	-2.54830561424215
1062	Spice1	NA	0.901456760732228
1063	Spns3	NA	-0.78798666782188
1064	Spopl	NA	-0.785110299083308
1065	Sppl2a	NA	-0.659563490193877
1066	Spred1	NA	-0.639835692146544
1067	Spsb1	NA	0.643213436002755
1068	Srcap	NA	-1.05972812605917
1069	Srrt	NA	0.672236959256927
1070	Ssbp2	NA	0.69795155435529
1071	St14	NA	0.702052970922806
1072	St8sia6	NA	-1.11827771216267
1073	Stard3nl	NA	-0.625843269579754
1074	Stil	NA	-7.87229941370571
1075	Stk11	NA	0.783657304746776
1076	Styx	NA	-1.70892809425561
1077	Sugct	NA	-2.91117857854487
1078	Sugp2	NA	-0.801076026510587
1079	Supt16	NA	-0.809976399606775
1080	Kmt5c	NA	0.738733640066113
1081	Sycp3	NA	-1.40859690798995
1082	Syp	NA	0.968833527891011
1083	Syt11	NA	0.65194173855667
1084	Syt3	NA	1.12060007319732
1085	Taf15	NA	-1.72346476102177
1086	Taf1a	NA	0.773940646215389
1087	Taf1d	NA	-0.737619383869956
1088	Tanc2	NA	-0.654507365234808
1089	Taok1	NA	-0.710270903891363
1090	Tbc1d24	NA	-0.896976246614288
1091	Tbc1d25	NA	0.700175824562718
1092	Tbl1xr1	NA	-0.709969768555031
1093	Tbrg3	NA	-2.40985562402208
1094	Tcn2	NA	0.611350936636113
1095	Tcof1	NA	0.980863656824067
1096	Tet2	NA	-1.26118601996908
1097	Tex12	NA	-1.08321703994397
1098	Tex264	NA	0.599030782799408
1099	Tgfbr1	NA	-0.748528292916043
1100	Thsd1	NA	1.00982137926015
1101	Tia1	NA	-0.919685510577653
1102	Tiam1	NA	-1.85861085967982
1103	Tigar	NA	0.58691988543002
1104	Timeless	NA	-1.69996046572748
1105	Tk1	NA	-1.38862071567438
1106	Tlr5	NA	-0.788217216053705
1107	Tmed8	NA	-1.0139492471872
1108	Tmem106b	NA	-0.616593572172323
1109	Tmem128	NA	-0.620365885309416
1110	Tmem178	NA	-4.93765935177048
1111	Tmem220	NA	-0.87522861069745
1112	Tmem263	NA	-0.744893752197831
1113	Tmem40	NA	-3.36546995739821
1114	Tmem59l	NA	-5.38894529277105
1115	Tmem63b	NA	0.698854820492707
1116	Tmem64	NA	-0.654946393690792
1117	Tmem79	NA	0.968764259140718
1118	Tmem87a	NA	-0.758949823716224
1119	Tmf1	NA	-0.643300820056388
1120	Tmod1	NA	1.71774316721448
1121	Tmtc3	NA	-0.660784990200575
1122	Tmtc4	NA	-0.920312233247956
1123	Tnfrsf17	NA	-0.831361375056665
1124	Tnfsf12	NA	0.789840167868536
1125	Tnfsf13	NA	0.755760900524093
1126	Tnpo1	NA	-0.595922970059289
1127	Tns3	NA	-0.690204350851844
1128	Tomt	NA	-1.44494700496211
1129	Top1mt	NA	0.702642897775156
1130	Tpgs1	NA	0.639347233845205
1131	Tpmt	NA	-1.09833998499263
1132	Tpt1	NA	-0.689953670379265
1133	Tra2b	NA	-0.600652521751099
1134	Trem3	NA	-7.39500915291548
1135	Trio	NA	-0.994726205817292
1136	Trip10	NA	0.880995007249353
1137	Trip11	NA	-0.701937744903445
1138	Trmt10c	NA	-0.58560792382638
1139	Trmt13	NA	-0.950234289720763
1140	Ro60	NA	-0.611162437916427
1141	Trp53cor1	NA	-0.989695934970828
1142	Trpm7	NA	-0.605514692836415
1143	Trps1	NA	-1.59735341388069
1144	Trpv4	NA	1.01589872863744
1145	Tsc22d1	NA	0.759203206371773
1146	Tsc22d3	NA	1.16962690330667
1147	Tspan33	NA	0.745035278092544
1148	Ttc14	NA	-0.794964647290646
1149	Ttc8	NA	-0.712220659651996
1150	Ttll5	NA	-0.854877442073701
1151	Tuba8	NA	-4.54746927491026
1152	Tubg1	NA	0.603259888811033
1153	Tug1	NA	-0.81245462148583
1154	Tulp4	NA	-1.16441195091916
1155	Txlna	NA	0.602169597624178
1156	U2af1l4	NA	0.6157204647268
1157	Ubald1	NA	0.76117838676003
1158	Ubn2	NA	-0.787351299766041
1159	Ubr4	NA	-0.81423813911483
1160	Ubr5	NA	-0.786894611476719
1161	Uchl4	NA	-1.98423992528206
1162	Uckl1os	NA	-2.56449481699151
1163	Ucp2	NA	1.06738721864714
1164	Uhmk1	NA	-0.939181583825583
1165	Unc45a	NA	0.97436236969649
1166	Urb1	NA	-0.627188900238488
1167	Usp18	NA	-0.590559090048661
1168	Usp19	NA	0.701618007302512
1169	Usp32	NA	-0.610555455960048
1170	Usp34	NA	-1.05166560016845
1171	Usp37	NA	-0.717712321807882
1172	Usp45	NA	-0.734231074358902
1173	Usp9x	NA	-1.23281452979997
1174	Utrn	NA	-1.81073994006493
1175	Vamp1	NA	-0.960474761271487
1176	Vamp7	NA	-0.622094946669165
1177	Vcpip1	NA	-0.801878715553893
1178	Vkorc1l1	NA	-0.769796606015337
1179	Vps13a	NA	-1.64831945842384
1180	Vps13b	NA	-1.2565499890232
1181	Vps13c	NA	-1.80820672820977
1182	Vps13d	NA	-1.30246849346559
1183	Vps37d	NA	1.99262644034092
1184	Wbp2	NA	0.670974165241624
1185	Wdr45	NA	0.745135860266319
1186	Wdr60	NA	-1.1600940488023
1187	Wdr83	NA	0.746469882753948
1188	Wdr91	NA	0.722451023532394
1189	Wee1	NA	-4.36154787172063
1190	Wfdc21	NA	-9.15828745657471
1191	Wnk1	NA	-0.729177620638037
1192	Wnk3	NA	-2.47608273515754
1193	Wrn	NA	-0.906907801980463
1194	Wsb1	NA	-0.649145971228966
1195	Wscd1	NA	-0.762103874435219
1196	Xk	NA	-1.33398238372641
1197	Xpr1	NA	-0.991245647215407
1198	Xrn1	NA	-0.70524909186619
1199	Xylb	NA	0.618880234363044
1200	Yes1	NA	-0.704880254290563
1201	Yod1	NA	-1.1022952704704
1202	Ypel3	NA	0.619774379478298
1203	Ythdf3	NA	-0.593480823525013
1204	Zbed5	NA	-0.917294505832412
1205	Zbed6	NA	-1.10132031371628
1206	Zbtb26	NA	-0.943320444364503
1207	Zbtb34	NA	-0.714515316847862
1208	Zbtb41	NA	-1.15908855652395
1209	Zbtb5	NA	-0.734819302302805
1210	Zbtb9	NA	-0.591617919893845
1211	Zc3h12c	NA	-0.736657596120918
1212	Zdhhc21	NA	-1.03222437945649
1213	Zfc3h1	NA	-1.10347187060292
1214	Zfhx4	NA	5.54372406877394
1215	Zfp11	NA	-1.22045744087124
1216	Zfp174	NA	-1.09387250927064
1217	Zfp26	NA	-1.16846934917825
1218	Zfp275	NA	-0.689806594946665
1219	Zfp280c	NA	-1.13297271542233
1220	Zfp318	NA	-0.735349019806083
1221	Zfp329	NA	-0.973464526545935
1222	Zfp346	NA	0.789177351662353
1223	Zfp36	NA	0.674797963094886
1224	Zfp369	NA	-1.27927828733851
1225	Zfp36l1	NA	-0.859138857093761
1226	Zfp397	NA	-0.899685130095445
1227	Zfp407	NA	-1.2576090549627
1228	Zfp456	NA	-0.86494723620385
1229	Zfp518a	NA	-0.642377991817114
1230	Zfp558	NA	-0.992341871168689
1231	Zfp563	NA	-0.738715132471932
1232	Zfp597	NA	-1.02222750614277
1233	Zfp606	NA	-0.686977896876602
1234	Zfp626	NA	-1.06105131675839
1235	Zfp65	NA	-0.669807052399961
1236	Zfp654	NA	-0.979825958615547
1237	Zfp69	NA	-1.02908754630705
1238	Zfp738	NA	-0.603878907763475
1239	Zfp750	NA	-3.3571067585693
1240	Zfp770	NA	-0.820345939958524
1241	Zfp85os	NA	-1.57453876819563
1242	Zfp868	NA	-0.791689815328524
1243	Zfp882	NA	-1.02973301674941
1244	Zfp934	NA	-1.04494680736261
1245	Zfp950	NA	-1.06440461045387
1246	Zfp955a	NA	-0.611237817099079
1247	Zfx	NA	-0.621420984670082
1248	Zfyve16	NA	-0.9255837108843
1249	Zik1	NA	-0.963056709314993
1250	Zkscan1	NA	-0.692091805098068
1251	Zrsr2	NA	-0.888912441440637
1252	Zswim6	NA	-0.653664455855261
1253	Zup1	NA	-0.593582938209417
1254	Zxda	NA	-1.15319735944324
1255	Zzef1	NA	-1.09437577429422
